31.6634
46.1842
51.602
49.7445
47.1382
49.3224
49.3313
49.3311
47.9383
45.7946
46.1085
48.9102
49.1751
47.7701
46.4245
45.8174
44.9204
44.311
42.9955
42.935
42.7382
43.2388
42.6702
42.3376
43.2472
43.3927
43.1659
42.838
43.8499
43.5204
42.867
42.0475
42.5551
43.7596
43.3287
43.538
43.2368
43.8206
43.8815
43.5799
43.7111
44.5609
44.44
45.0151
44.8395
45.2574
44.8702
45.1816
45.305
45.2892
44.9551
45.2698
45.2595
45.4522
45.3625
45.7115
46.1988
46.2865
46.5246
46.4802
46.6431
46.9423
47.2093
46.9962
46.9472
46.8912
46.9475
47.2
47.079
46.8531
46.8612
46.6922
46.4485
46.4671
46.3638
46.7901
46.5969
46.878
46.9772
47.2386
47.4598
47.1986
48.3038
48.1047
48.3744
48.2608
48.2071
48.1659
48.1333
47.9097
48.362
48.276
48.1152
48.2068
48.8751
49.0976
49.0959
49.211
49.1575
49.2049
49.0002
48.9587
48.8424
48.814
49.062
49.2552
49.2716
49.3263
49.2987
49.1428
49.1368
48.9544
48.8162
49.1358
49.3299
49.337
49.1773
49.109
49.301
49.3788
49.3881
49.5438
49.4438
49.332
49.1764
49.1233
48.9777
49.0968
49.1731
49.2294
49.1858
49.1784
49.1567
49.044
49.0342
49.1465
49.2185
49.1507
49.1943
49.2337
49.1598
49.1562
49.0457
48.9548
49.1036
49.0228
49.0945
49.1681
49.2011
49.3864
49.3124
49.1482
49.0358
49.4111
49.7392
49.6663
49.6598
49.7688
49.7898
49.8876
49.827
49.9945
50.035
50.0824
50.0077
50.0874
50.1914
50.2922
50.2002
50.0688
50.0283
50.0737
50.0196
49.9982
49.9122
50.0097
49.8903
49.967
49.9635
50.0833
50.0098
50.0944
50.0992
50.1061
50.009
50.0912
50.0869
50.1243
50.2485
50.1259
50.0921
50.1578
50.0997
50.0755
50.0688
50.1407
50.1985
50.2952
50.1077
50.0863
50.1362
50.1545
50.1479
50.1672
50.1075
50.1615
50.0881
50.1856
50.3666
50.302
50.2217
50.2453
50.1596
50.1855
50.1253
50.124
50.1572
50.1816
50.2094
50.1414
50.1157
50.1952
50.1204
50.1254
50.1471
50.0259
49.9958
50.0935
50.1708
50.0028
49.9186
49.9399
49.8975
49.8574
49.9023
49.9625
49.941
50.0447
49.8972
49.8924
49.8986
49.914
49.9123
49.8721
49.8726
49.8159
49.7885
49.8058
49.7181
49.7461
49.6578
49.7345
49.7434
49.6983
49.7758
49.778
49.7572
49.8011
49.7758
49.7667
49.7706
49.6929
49.6008
49.7209
49.797
49.7162
49.7734
49.6596
49.5995
49.6276
49.7181
49.7543
49.767
49.7504
49.7578
49.7465
49.7998
49.9708
50.0313
50.11
50.1376
50.0828
50.0928
50.155
50.1247
50.063
50.0668
50.1066
50.1593
50.14
50.1286
50.0646
50.0794
50.192
50.2917
50.2674
50.1891
50.1692
50.3319
50.4152
50.4307
50.4299
50.5353
50.5621
50.5871
50.5652
50.5388
50.5009
50.4803
50.5257
50.481
50.5087
50.4701
50.4324
50.4787
50.4593
50.5566
50.6689
50.5946
50.6054
50.6705
50.5957
50.5654
50.5142
50.517
50.4489
50.3129
50.4146
50.4031
50.3861
50.3981
50.3995
50.4404
50.446
50.3832
50.3203
50.2881
50.312
50.3835
50.4422
50.4837
50.4701
50.5585
50.6806
50.6348
50.5881
50.6265
50.5885
50.6372
50.6652
50.6152
50.7159
50.7367
50.7644
50.8247
50.7561
50.7415
50.7205
50.6852
50.7117
50.7615
50.7396
50.7733
50.7085
50.729
50.7837
50.7686
50.7264
50.7051
50.741
50.6933
50.6597
50.6743
50.7012
50.6678
50.588
50.5735
50.5956
50.5796
50.6778
50.6719
50.6919
50.5773
50.5992
50.5954
50.6062
50.6123
50.6363
50.6732
50.685
50.6606
50.6009
50.565
50.5558
50.5338
50.5238
50.4795
50.489
50.5289
50.4994
50.4444
50.427
50.444
50.4017
50.3929
50.4243
50.4621
50.5061
50.4962
50.502
50.4925
50.5418
50.4833
50.401
50.3802
50.4012
50.3598
50.3148
50.4061
50.3622
50.3006
50.3507
50.3923
50.3601
50.3224
50.4016
50.3842
50.3198
50.3691
50.3139
50.2525
50.2657
50.2435
50.2304
50.1999
50.1903
50.1586
50.1631
50.1541
50.1351
50.1175
50.1082
50.0878
50.1018
50.0788
50.0186
49.9826
49.9946
49.9461
49.906
49.8593
49.9337
49.9056
49.8616
49.8775
49.9096
49.9152
49.9366
50.0178
50.0745
50.052
50.105
50.1174
50.125
50.1143
50.107
50.044
50.0878
50.1037
50.0628
50.015
50.0437
50.0075
50.037
49.9862
50.0136
50.0159
49.995
49.9811
49.9984
50.0289
50.0639
50.066
50.112
50.1024
50.1224
50.0779
50.0527
50.1204
50.078
50.117
50.1097
50.1673
50.1377
50.1369
50.1557
50.1271
50.1112
50.1226
50.0949
50.0613
50.0549
50.0657
50.0503
50.0427
50.0275
50.0213
50.0186
49.9795
49.9481
49.9561
49.9305
49.9306
49.9049
49.9025
49.9119
49.9469
49.9407
49.9868
49.9564
50.0043
49.9903
49.9911
50.03
49.989
50.0102
50.0094
50.0216
49.9823
50.0042
50.019
50.0221
49.9931
49.9962
49.9616
49.9863
49.9701
49.9666
49.9873
50.0021
50.0498
49.992
49.9918
49.9552
49.9278
49.9077
49.8661
49.8144
49.804
49.8666
49.8397
49.8566
49.8521
49.8653
49.8588
49.8585
49.8239
49.9008
49.8919
49.925
49.9232
49.9395
49.9086
49.8995
49.9264
49.9084
49.9028
49.905
49.8568
49.8627
49.8886
49.9208
49.9275
49.9403
49.9394
49.9219
49.9212
49.9023
49.8853
49.9245
49.9645
50.0265
50.0125
49.9641
49.9294
49.9006
49.9197
49.947
49.9429
49.9714
49.9578
49.9563
49.9304
49.9162
49.9169
49.8879
49.8851
49.8605
49.849
49.8535
49.8753
49.8561
49.8467
49.8412
49.8462
49.8455
49.8785
49.8583
49.8394
49.8251
49.8283
49.8426
49.8471
49.9178
49.9372
49.9543
49.986
49.9808
49.9654
49.9365
49.9079
49.8929
49.8698
49.8542
49.8163
49.7992
49.801
49.806
49.8189
49.7743
49.7933
49.776
49.7629
49.7355
49.7628
49.764
49.7742
49.7821
49.7857
49.7841
49.7437
49.7199
49.7265
49.7387
49.7505
49.8042
49.8042
49.8311
49.8321
49.8153
49.8092
49.8077
49.8014
49.7945
49.7834
49.7875
49.7715
49.7754
49.787
49.7957
49.8256
49.8143
49.7756
49.7405
49.7272
49.6908
49.6437
49.6269
49.6318
49.6222
49.6498
49.6131
49.5621
49.5651
49.533
49.542
49.5787
49.587
49.5874
49.5589
49.5693
49.5602
49.5297
49.5122
49.5507
49.5139
49.5234
49.4794
49.4525
49.409
49.4226
49.4327
49.4384
49.4176
49.4484
49.4015
49.3773
49.3583
49.3661
49.3436
49.3456
49.3292
49.3648
49.3594
49.375
49.3833
49.3751
49.3916
49.3751
49.3616
49.3448
49.3297
49.31
49.2697
49.2618
49.2964
49.2809
49.3193
49.2894
49.2902
49.2802
49.2588
49.2447
49.2375
49.2707
49.2613
49.2643
49.2838
49.292
49.3058
49.2914
49.294
49.2911
49.2858
49.2916
49.3
49.2717
49.2522
49.2661
49.2454
49.2287
49.1885
49.1716
49.1858
49.1892
49.1751
49.1707
49.1569
49.185
49.1923
49.1793
49.1928
49.1917
49.1798
49.2055
49.2268
49.2254
49.2474
49.2624
49.2942
49.3222
49.2948
49.3036
49.3083
49.3041
49.3104
49.2783
49.2522
49.2666
49.2339
49.2345
49.2361
49.2231
49.1918
49.2034
49.2279
49.2266
49.2356
49.2076
49.1895
49.1607
49.1688
49.1626
49.1636
49.157
49.1668
49.1779
49.1488
49.2154
49.2578
49.2715
49.3047
49.3287
49.293
49.316
49.3153
49.2977
49.296
49.2965
49.2836
49.285
49.2825
49.3201
49.2894
49.2981
49.2902
49.2907
49.2786
49.31
49.283
49.3099
49.2804
49.2676
49.3511
49.4114
49.3837
49.3692
49.3759
49.3692
49.3998
49.4181
49.4078
49.397
49.3816
49.3831
49.3765
49.3556
49.3584
49.3344
49.3145
49.3174
49.336
49.3338
49.3428
49.3485
49.3598
49.3534
49.3364
49.3228
49.3321
49.3287
49.3687
49.3627
49.3492
49.345
49.3211
49.2932
49.3091
49.3015
49.303
49.2892
49.3384
49.3162
49.3157
49.3146
49.3043
49.341
49.341
49.368
49.3534
49.338
49.3374
49.3197
49.2995
49.2767
49.2477
49.2331
49.2166
49.255
49.2635
49.3031
49.3207
49.3318
49.3213
49.299
49.2882
49.3001
49.2759
49.2815
49.3122
49.2843
49.3173
49.2886
49.2753
49.2581
49.2474
49.2524
49.2517
49.2135
49.1941
49.2036
49.2588
49.2498
49.2409
49.2427
49.23
49.2418
49.316
49.3086
49.3234
49.3222
49.3143
49.3004
49.2956
49.3263
49.3344
49.3807
49.3624
49.3521
49.3374
49.3372
49.3298
49.3204
49.3319
49.309
49.2804
49.2798
49.2786
49.2557
49.2476
49.2478
49.26
49.2752
49.2809
49.2672
49.2815
49.2944
49.2711
49.2924
49.2988
49.2997
49.2839
49.2982
49.3098
49.3382
49.3646
49.3694
49.389
49.3692
49.394
49.3744
49.3737
49.3552
49.3708
49.3773
49.3577
49.3517
49.3527
49.3546
49.3363
49.3306
49.337
49.3164
49.3275
49.3088
49.3046
49.2964
49.2674
49.2371
49.2345
49.2184
49.2199
49.1928
49.1959
49.1836
49.1931
49.1991
49.1887
49.1827
49.1869
49.1738
49.1546
49.1875
49.1826
49.1646
49.167
49.1638
49.1953
49.1751
49.1904
49.2052
49.1842
49.162
49.1622
49.1971
49.2261
49.2328
49.2448
49.2776
49.2608
49.2368
49.2359
49.2689
49.2639
49.253
49.248
49.2507
49.2227
49.2238
49.2646
49.258
49.2387
49.2492
49.2498
49.2758
49.2563
49.2425
49.2644
49.27
49.2838
49.2814
49.2686
49.2661
49.2754
49.292
49.2842
49.2883
49.2895
49.2763
49.2905
49.288
49.2821
49.2787
49.3081
49.316
49.3418
49.3616
49.3612
49.3481
49.3493
49.3337
49.3111
49.2901
49.2848
49.2808
49.2736
49.2753
49.3009
49.2897
49.3105
49.3278
49.3542
49.3354
49.3357
49.3256
49.3256
49.3346
49.3402
49.3464
49.3621
49.3699
49.3984
49.393
49.3974
49.4315
49.4223
49.4334
49.412
49.4052
49.4347
49.4428
49.437
49.4324
49.4496
49.4369
49.4271
49.4156
49.4047
49.41
49.4169
49.4276
49.4183
49.4012
49.3849
49.3974
49.4042
49.4226
49.4102
49.428
49.4406
49.4336
49.436
49.4444
49.4769
49.479
49.4682
49.4852
49.4919
49.482
49.4675
49.4845
49.4834
49.5075
49.4986
49.5226
49.5584
49.5574
49.5834
49.6049
49.5958
49.576
49.5596
49.5958
49.5861
49.596
49.6234
49.6171
49.6129
49.617
49.5915
49.5881
49.5678
49.5822
49.5649
49.5831
49.568
49.5677
49.5575
49.5749
49.5635
49.5485
49.5492
49.5649
49.5699
49.5658
49.5495
49.571
49.574
49.5932
49.5906
49.5907
49.5968
49.5934
49.5787
49.5878
49.5658
49.5754
49.612
49.5937
49.5924
49.5938
49.619
49.6007
49.5895
49.586
49.5782
49.5682
49.5656
49.5694
49.5505
49.5427
49.5672
49.5492
49.5597
49.5752
49.5555
49.5542
49.5418
49.5522
49.5447
49.5735
49.5539
49.5547
49.5504
49.5532
49.5711
49.5606
49.5481
49.5274
49.5218
49.5221
49.5528
49.5691
49.5704
49.5651
49.5588
49.5669
49.5743
49.5673
49.6021
49.6008
49.596
49.5967
49.5808
49.5688
49.5675
49.5774
49.5815
49.6022
49.6248
49.624
49.5978
49.6411
49.6566
49.666
49.6519
49.6509
49.6663
49.6464
49.6434
49.6251
49.6291
49.6243
49.6107
49.6052
49.6098
49.5895
49.5912
49.5779
49.5658
49.5763
49.6284
49.6311
49.6434
49.6659
49.6808
49.707
49.7291
49.7081
49.6989
49.6931
49.6936
49.6792
49.6734
49.662
49.671
49.6993
49.7265
49.7352
49.7566
49.7755
49.7553
49.7603
49.7575
49.7546
49.7556
49.7979
49.8024
49.7993
49.8014
49.7961
49.7731
49.8183
49.8137
49.8015
49.8341
49.8158
49.8114
49.8077
49.7862
49.7774
49.7858
49.7622
49.7616
49.7841
49.7678
49.7634
49.785
49.7837
49.7897
49.7979
49.7955
49.7781
49.78
49.7773
49.8026
49.8101
49.8018
49.8282
49.8203
49.8545
49.8533
49.8485
49.8409
49.8377
49.8096
49.8124
49.8465
49.8616
49.8797
49.8932
49.8906
49.8789
49.8665
49.8953
49.9147
49.9201
49.9133
49.9128
49.9206
49.9022
49.9027
49.9212
49.9416
49.9724
49.9793
49.9661
49.9777
49.9777
49.9697
49.9762
49.9552
49.9726
49.9552
49.9572
49.9537
49.9564
49.9571
49.9633
49.9713
49.9906
50.0115
50.0561
50.0366
50.0217
50.0263
50.0364
50.0223
50.0113
49.9937
49.9851
49.9964
50.0068
50.0064
49.9936
49.9973
50.0201
50.0169
50.0539
50.0372
50.0366
50.0179
50.0136
50.0041
50.0302
50.0137
50.0191
50.0241
50.0265
50.0165
50.0207
50.0216
50.0222
50.0163
50.0127
50.0445
50.0391
50.0236
50.0282
50.0202
50.0112
50.0061
50.0163
50.0029
50.0124
50.0143
50.0242
50.0117
50.0023
49.9966
49.9908
49.9794
49.98
49.9668
49.9579
49.9385
49.9341
49.9381
49.9423
49.9241
49.9175
49.9143
49.9108
49.8982
49.8996
49.9118
49.9058
49.9077
49.9123
49.894
49.8763
49.8756
49.8802
49.8619
49.8651
49.8842
49.8758
49.8862
49.8931
49.8894
49.9032
49.907
49.8952
49.8877
49.8717
49.8774
49.8705
49.8672
49.8989
49.8989
49.9032
49.9019
49.9323
49.9183
49.9182
49.9189
49.9317
49.9238
49.9219
49.9234
49.9495
49.9368
49.9224
49.9195
49.9038
49.8959
49.8939
49.902
49.9073
49.9106
49.9256
49.912
49.8965
49.9072
49.9314
49.9295
49.9144
49.9183
49.9139
49.9058
49.9066
49.9349
49.9337
49.9447
49.9371
49.9166
49.9186
49.9276
49.9579
49.9537
49.9462
49.945
49.9443
49.9463
49.9564
49.9414
49.9371
49.9376
49.9267
49.9179
49.9047
49.8972
49.8971
49.8882
49.8753
49.8618
49.8525
49.8491
49.8468
49.831
49.8376
49.8281
49.8315
49.8284
49.8082
49.8143
49.8264
49.8135
49.7948
49.7709
49.7727
49.7646
49.7542
49.748
49.7324
49.7191
49.7216
49.7255
49.738
49.764
49.7569
49.7567
49.7436
49.7363
49.751
49.7499
49.7337
49.7513
49.7381
49.7325
49.7636
49.7649
49.7656
49.7619
49.7485
49.7463
49.7612
49.7561
49.754
49.7662
49.7515
49.7402
49.7318
49.7322
49.7285
49.7489
49.7431
49.7507
49.7609
49.7451
49.7578
49.767
49.7507
49.7756
49.7614
49.777
49.7729
49.7784
49.815
49.8194
49.8004
49.8005
49.8043
49.8002
49.8114
49.819
49.8221
49.8278
49.8092
49.7974
49.7827
49.7752
49.7903
49.7953
49.7815
49.7736
49.7913
49.7971
49.8014
49.8028
49.806
49.8208
49.8201
49.8278
49.8291
49.8255
49.8187
49.8199
49.8346
49.8394
49.8409
49.821
49.8141
49.8508
49.8437
49.8414
49.8427
49.8398
49.8573
49.8599
49.8627
49.8605
49.8615
49.8664
49.8826
49.869
49.8645
49.8473
49.8376
49.8555
49.8425
49.8489
49.846
49.8538
49.8449
49.844
49.8504
49.8539
49.8409
49.8455
49.8358
49.8552
49.8707
49.8707
49.8623
49.8719
49.8606
49.8779
49.8791
49.8857
49.8881
49.8753
49.8695
49.8957
49.9
49.9185
49.9135
49.9102
49.9017
49.9021
49.8905
49.8993
49.9013
49.8906
49.8936
49.8881
49.8986
49.9052
49.8878
49.8854
49.8948
49.8865
49.8779
49.8715
49.8634
49.8775
49.8665
49.8734
49.8734
49.8514
49.8838
49.8937
49.9078
49.9033
49.9007
49.9163
49.905
49.9085
49.896
49.8943
49.8876
49.8918
49.907
49.8927
49.8991
49.8936
49.8897
49.889
49.8942
49.8941
49.9195
49.9198
49.9542
49.9584
49.9705
49.9774
49.9929
49.9847
49.9865
49.9831
49.9834
49.9717
49.9705
49.9603
49.9664
49.9597
49.9625
49.9498
49.9504
49.9571
49.9546
49.9509
49.9359
49.9355
49.9243
49.9205
49.9085
49.902
49.9113
49.9115
49.9041
49.8986
49.9157
49.9103
49.9084
49.9074
49.9008
49.886
49.8795
49.8881
49.8701
49.8644
49.8811
49.8986
49.89
49.912
49.9068
49.8985
49.9107
49.904
49.9002
49.9048
49.9167
49.9247
49.9203
49.9212
49.91
49.9122
49.9112
49.9094
49.8954
49.8852
49.8888
49.8926
49.8984
49.8917
49.8858
49.89
49.8919
49.8841
49.8794
49.8879
49.8877
49.8813
49.8718
49.8825
49.8724
49.8841
49.8821
49.8874
49.8781
49.8599
49.9091
49.9093
49.9017
49.8925
49.8834
49.8869
49.8797
49.8737
49.8737
49.8661
49.854
49.8626
49.851
49.8465
49.858
49.8708
49.8597
49.8603
49.8673
49.8714
49.8666
49.8804
49.8685
49.8809
49.8676
49.8656
49.8501
49.8435
49.8466
49.8404
49.8342
49.8355
49.8602
49.8463
49.848
49.8423
49.8535
49.8492
49.8409
49.8281
49.8286
49.8186
49.8412
49.8222
49.8408
49.8412
49.8307
49.8211
49.8283
49.8302
49.8365
49.8343
49.8279
49.8101
49.8195
49.8159
49.8039
49.8206
49.8187
49.8381
49.8334
49.8281
49.8253
49.8346
49.838
49.8372
49.8419
49.8577
49.8535
49.8405
49.8372
49.8439
49.8436
49.8448
49.8439
49.8427
49.8586
49.8779
49.8727
49.872
49.8727
49.8641
49.8561
49.8635
49.8535
49.8499
49.8384
49.8534
49.8692
49.8866
49.8944
49.8863
49.8951
49.9055
49.9012
49.9085
49.9173
49.9157
49.9094
49.8968
49.9057
49.9102
49.9081
49.9124
49.9035
49.902
49.898
49.8922
49.9209
49.9063
49.904
49.8974
49.9179
49.909
49.9168
49.9076
49.8991
49.8923
49.8845
49.8833
49.8818
49.8782
49.8655
49.8668
49.8508
49.8479
49.8572
49.8468
49.8417
49.831
49.8298
49.8487
49.8455
49.8318
49.8202
49.8147
49.8183
49.8129
49.8182
49.8168
49.8208
49.8116
49.7961
49.7809
49.7933
49.8079
49.8163
49.8112
49.8053
49.7999
49.7943
49.7888
49.7972
49.8075
49.8095
49.81
49.8041
49.8222
49.8279
49.8272
49.8244
49.8203
49.8198
49.8087
49.8051
49.8044
49.8016
49.8013
49.7914
49.7733
49.7743
49.7825
49.785
49.7802
49.7761
49.7823
49.7787
49.7637
49.7622
49.7535
49.7521
49.7502
49.7567
49.7548
49.7503
49.754
49.7479
49.7501
49.7432
49.7344
49.7435
49.7326
49.7311
49.7293
49.7246
49.7201
49.7328
49.7305
49.7243
49.7073
49.6993
49.6877
49.6881
49.6914
49.6906
49.6804
49.6733
49.6713
49.6622
49.6701
49.6761
49.6824
49.6805
49.6707
49.676
49.6724
49.6881
49.7039
49.7046
49.7017
49.6886
49.6943
49.7019
49.7074
49.7036
49.7194
49.7321
49.7318
49.747
49.7523
49.7544
49.7716
49.7628
49.7646
49.7499
49.7589
49.7441
49.7318
49.7254
49.7153
49.7059
49.7051
49.7051
49.6926
49.6972
49.7019
49.7172
49.7066
49.7078
49.7137
49.7143
49.7167
49.7125
49.7112
49.7215
49.7179
49.7135
49.702
49.6986
49.6865
49.6816
49.6841
49.6791
49.6693
49.6703
49.6893
49.7142
49.7007
49.6933
49.6854
49.6831
49.6792
49.6809
49.6839
49.6927
49.6916
49.6814
49.7015
49.6871
49.6872
49.705
49.7025
49.6947
49.6907
49.6966
49.7058
49.7083
49.6937
49.685
49.7036
49.6989
49.7083
49.7089
49.7119
49.7137
49.715
49.7129
49.7098
49.709
49.7133
49.7106
49.711
49.7138
49.7075
49.6984
49.6962
49.6894
49.6892
49.6986
49.7074
49.7139
49.7264
49.7216
49.7255
49.7174
49.7118
49.7179
49.7182
49.7117
49.7026
49.6955
49.6874
49.698
49.69
49.7017
49.7115
49.7114
49.7175
49.7161
49.7276
49.7287
49.7358
49.7281
49.7359
49.7287
49.7437
49.7554
49.7565
49.7629
49.7615
49.7675
49.7689
49.7648
49.7664
49.78
49.7769
49.7773
49.7899
49.8037
49.7972
49.8005
49.7964
49.8059
49.7964
49.7994
49.8102
49.8117
49.8219
49.8402
49.8554
49.8533
49.8505
49.8395
49.8435
49.8317
49.8377
49.8328
49.8325
49.8261
49.8245
49.8182
49.8114
49.8078
49.7965
49.7963
49.799
49.8125
49.8066
49.8061
49.8151
49.8227
49.8205
49.8091
49.8129
49.819
49.8148
49.8444
49.8503
49.8468
49.8594
49.852
49.8551
49.852
49.8389
49.8389
49.839
49.8427
49.8373
49.8354
49.8387
49.8402
49.8379
49.852
49.8493
49.8552
49.8643
49.8503
49.8582
49.8852
49.8747
49.8656
49.8648
49.8582
49.869
49.8883
49.8846
49.8923
49.8908
49.8954
49.8918
49.8991
49.8939
49.8964
49.9073
49.8933
49.8817
49.8886
49.8733
49.8758
49.8726
49.8799
49.8968
49.8932
49.8981
49.8954
49.8992
49.8989
49.9044
49.9047
49.9103
49.9153
49.9213
49.917
49.9129
49.9041
49.9154
49.9167
49.905
49.9286
49.9247
49.9236
49.9185
49.9197
49.9295
49.9328
49.9438
49.9431
49.944
49.9562
49.9452
49.9482
49.9482
49.9576
49.954
49.9551
49.973
49.9812
49.9793
49.9686
49.968
49.9679
49.9721
49.9698
49.966
49.9734
49.9751
49.975
49.9657
49.9618
49.9638
49.9736
49.9713
49.979
49.9677
49.9666
49.9739
49.9767
49.9712
49.9568
49.9578
49.9557
49.9559
49.9505
49.9437
49.9407
49.9336
49.9358
49.9513
49.9402
49.9338
49.9303
49.9267
49.9303
49.9284
49.9243
49.9206
49.9141
49.9157
49.903
49.9123
49.9155
49.9066
49.9087
49.9158
49.9151
49.9156
49.9112
49.9224
49.9196
49.9162
49.9238
49.9204
49.9203
49.9132
49.9178
49.917
49.9351
49.9456
49.9411
49.9311
49.9265
49.9209
49.9262
49.9304
49.9287
49.9327
49.9343
49.9278
49.9248
49.9347
49.9399
49.9276
49.9241
49.9281
49.9158
49.9155
49.9122
49.9153
49.9113
49.9182
49.9072
49.918
49.9339
49.9361
49.9345
49.9384
49.9401
49.9385
49.9487
49.9495
49.95
49.9449
49.9412
49.932
49.9414
49.9391
49.9316
49.9276
49.9288
49.9197
49.9273
49.9273
49.9308
49.9301
49.939
49.9411
49.9432
49.9389
49.9451
49.9358
49.9256
49.9386
49.9364
49.9355
49.9477
49.9477
49.9428
49.9356
49.9372
49.9319
49.9282
49.9444
49.9452
49.9434
49.9512
49.9429
49.9434
49.9668
49.9623
49.9604
49.9619
49.9573
49.9525
49.9508
49.9494
49.9482
49.9436
49.9512
49.9471
49.9634
49.9547
49.9434
49.955
49.953
49.9492
49.9457
49.9353
49.9363
49.9346
49.932
49.9487
49.9419
49.9486
49.9621
49.9677
49.9688
49.9581
49.9555
49.9525
49.9517
49.9451
49.9337
49.9421
49.971
49.9704
49.9728
49.961
49.9561
49.9594
49.9633
49.9596
49.9595
49.9746
49.981
49.9822
49.9874
49.9936
49.987
49.994
49.9919
49.9854
49.9896
49.9913
49.9969
49.9874
49.9912
49.9858
49.9928
49.9839
49.9797
49.9897
49.9879
49.9959
50
50.0028
50.0053
50.0068
50.0042
50.0221
50.0255
50.0441
50.0521
50.0455
50.0362
50.0441
50.0325
50.0372
50.0449
50.0509
50.0534
50.0611
50.0798
50.0932
50.087
50.0767
50.0841
50.0802
50.0893
50.0988
50.1047
50.1045
50.1231
50.1279
50.1339
50.1436
50.1644
50.1701
50.1681
50.1639
50.1617
50.1591
50.1618
50.1706
50.1635
50.1655
50.1629
50.1612
50.1601
50.192
50.1923
50.1868
50.1893
50.1861
50.1795
50.177
50.1859
50.1986
50.2026
50.2046
50.2028
50.2101
50.2081
50.209
50.2143
50.2134
50.218
50.2087
50.2199
50.2336
50.233
50.2259
50.2346
50.2414
50.2381
50.2332
50.2281
50.2206
50.217
50.209
50.2089
50.2153
50.2154
50.2083
50.2098
50.2073
50.2127
50.205
50.2025
50.2003
50.207
50.2008
50.2032
50.2065
50.2206
50.224
50.229
50.223
50.242
50.2314
50.2305
50.2246
50.2185
50.2173
50.2191
50.2209
50.2197
50.2207
50.2261
50.2168
50.2118
50.2139
50.2108
50.217
50.2111
50.2179
50.2229
50.2223
50.2167
50.2248
50.2238
50.2182
50.2142
50.2106
50.2053
50.2007
50.1988
50.2022
50.2019
50.1991
50.2056
50.2025
50.208
50.2071
50.1987
50.1945
50.1935
50.2018
50.1996
50.1916
50.1815
50.1856
50.1858
50.1912
50.1892
50.206
50.205
50.2066
50.2095
50.2211
50.2119
50.2161
50.2093
50.21
50.2057
50.1983
50.2012
50.1869
50.1872
50.1861
50.1935
50.194
50.1848
50.1854
50.1925
50.1906
50.183
50.1792
50.1727
50.1647
50.1635
50.1544
50.1614
50.1599
50.156
50.1507
50.1508
50.1561
50.1531
50.1449
50.1472
50.1354
50.1281
50.1216
50.1266
50.123
50.1223
50.1166
50.1142
50.1136
50.0988
50.0968
50.1001
50.0941
50.0856
50.0906
50.0961
50.1166
50.1166
50.1121
50.1056
50.1042
50.0962
50.095
50.098
50.0949
50.0944
50.0942
50.1033
50.0975
50.0978
50.1005
50.0992
50.09
50.0866
50.0843
50.083
50.0822
50.0793
50.082
50.0828
50.075
50.0753
50.0741
50.0686
50.0707
50.0876
50.0852
50.0755
50.0728
50.0683
50.0606
50.0522
50.0561
50.0625
50.0629
50.06
50.052
50.0513
50.0515
50.0643
50.0582
50.0634
50.0543
50.0568
50.0563
50.0501
50.0546
50.0444
50.0411
50.0407
50.0357
50.0473
50.0586
50.0553
50.0654
50.0764
50.0732
50.0629
50.061
50.0613
50.0587
50.0524
50.0406
50.0459
50.0473
50.0415
50.0489
50.0528
50.0547
50.0567
50.0581
50.0696
50.0734
50.0711
50.0731
50.0803
50.0753
50.0812
50.0982
50.0917
50.0983
50.1096
50.1085
50.1025
50.1082
50.1086
50.104
50.0969
50.0959
50.101
50.1006
50.096
50.0963
50.0873
50.1002
50.0966
50.0829
50.0805
50.0757
50.0662
50.0788
50.0964
50.0909
50.0904
50.0837
50.075
50.0724
50.065
50.0627
50.0502
50.046
50.055
50.0595
50.0615
50.0693
50.061
50.0604
50.0627
50.075
50.0802
50.0786
50.0806
50.0714
50.0685
50.0661
50.0562
50.068
50.0675
50.0697
50.0757
50.0801
50.0775
50.07
50.0623
50.0593
50.0553
50.0477
50.0437
50.0402
50.0451
50.054
50.0542
50.0532
50.0521
50.0514
50.053
50.0523
50.0646
50.0609
50.0533
50.0495
50.0451
50.0483
50.0557
50.0571
50.0467
50.0522
50.0592
50.0514
50.0553
50.0511
50.0489
50.041
50.0331
50.0339
50.0267
50.0253
50.0221
50.022
50.0182
50.0231
50.0259
50.0272
50.032
50.0253
50.0267
50.0186
50.0168
50.0235
50.0144
50.0147
50.0135
50.008
50.009
50.0183
50.0147
50.0218
50.0254
50.03
50.0355
50.0389
50.0354
50.0242
50.0287
50.03
50.0264
50.0325
50.0344
50.0316
50.0418
50.0325
50.049
50.0501
50.0416
50.0558
50.0661
50.0612
50.0547
50.0497
50.044
50.0363
50.0313
50.0381
50.0417
50.0392
50.0445
50.0395
50.0356
50.0405
50.0382
50.0372
50.0342
50.0346
50.0375
50.0448
50.0488
50.0486
50.0502
50.0493
50.0417
50.0455
50.0433
50.0524
50.065
50.0673
50.0636
50.0604
50.0624
50.067
50.0613
50.0574
50.0641
50.0702
50.0662
50.0672
50.0752
50.0703
50.0795
50.0878
50.0854
50.0866
50.0894
50.0856
50.0825
50.086
50.0843
50.075
50.0697
50.067
50.0681
50.0726
50.0701
50.0753
50.0762
50.0756
50.0625
50.0528
50.0588
50.0575
50.0556
50.0506
50.039
50.037
50.039
50.0419
50.0366
50.0341
50.0347
50.0299
50.0242
50.0217
50.0253
50.0209
50.0163
50.0113
50.0032
50.0059
50.0026
50.0035
49.994
49.9927
49.9984
50.0016
50.0072
50.0071
50.0044
50.0097
50.0315
50.0332
50.036
50.0411
50.0396
50.0279
50.0286
50.0419
50.0401
50.0366
50.0269
50.0334
50.0469
50.0478
50.0453
50.0457
50.0459
50.0647
50.065
50.0654
50.063
50.0634
50.0602
50.074
50.0831
50.0919
50.0876
50.0865
50.0777
50.0743
50.072
50.0698
50.0802
50.0831
50.0803
50.0781
50.0768
50.0752
50.0717
50.0751
50.0718
50.068
50.0631
50.0719
50.0782
50.0806
50.0728
50.0691
50.0669
50.0703
50.068
50.0657
50.0653
50.0586
50.0674
50.0589
50.053
50.0444
50.0578
50.0717
50.0671
50.0612
50.0545
50.0728
50.0689
50.0701
50.0836
50.0884
50.0852
50.0839
50.0804
50.0765
50.07
50.0609
50.0605
50.0499
50.0479
50.044
50.0404
50.043
50.0569
50.0503
50.0408
50.0407
50.0395
50.0385
50.0481
50.0452
50.0465
50.0598
50.0527
50.0607
50.0725
50.0695
50.0697
50.0617
50.0721
50.0659
50.0579
50.063
50.0673
50.0661
50.0716
50.0603
50.0631
50.0656
50.0578
50.0522
50.0505
50.0599
50.0633
50.0727
50.0703
50.0636
50.0674
50.06
50.0716
50.0761
50.0684
50.0731
50.0729
50.0712
50.0667
50.0641
50.0649
50.066
50.0636
50.0675
50.0648
50.0667
50.064
50.0628
50.0673
50.0679
50.0717
50.0694
50.0769
50.0875
50.103
50.1006
50.0982
50.0985
50.0927
50.0913
50.0893
50.0909
50.0901
50.0884
50.089
50.0859
50.0852
50.0883
50.0835
50.0847
50.0816
50.0748
50.0772
50.0722
50.0694
50.075
50.0748
50.0743
50.0899
50.0848
50.0817
50.084
50.0852
50.0846
50.0866
50.0819
50.0738
50.0718
50.0713
50.0732
50.0705
50.0686
50.0725
50.0712
50.0765
50.0798
50.0773
50.0726
50.0727
50.0759
50.0724
50.0785
50.0762
50.0751
50.0714
50.0769
50.0788
50.0779
50.0743
50.0715
50.0677
50.0672
50.0651
50.068
50.0663
50.0587
50.0661
50.0578
50.0577
50.0567
50.0513
50.0483
50.0505
50.0484
50.0478
50.0497
50.0529
50.0504
50.0511
50.0536
50.0527
50.0616
50.0601
50.0575
50.0476
50.0416
50.0354
50.0322
50.0386
50.0307
50.0279
50.0258
50.0275
50.0295
50.0297
50.023
50.024
50.0202
50.0142
50.0087
50.018
50.0253
50.0151
50.0121
50.0111
50.0344
50.0257
50.0114
50.0182
50.0109
50.0191
50.0107
50.0102
50.011
50.0046
49.9942
49.9906
49.9827
49.9861
49.9866
49.9829
49.9884
49.9879
49.9898
49.9847
49.9836
49.982
49.9787
49.9802
49.9799
49.9735
49.9728
49.9628
49.9625
49.9593
49.9547
49.9558
49.9504
49.9477
49.9439
49.9426
49.9336
49.9323
49.9321
49.9262
49.9258
49.9348
49.9312
49.9254
49.9423
49.947
49.9465
49.9585
49.9745
49.9706
49.9686
49.9727
49.9809
49.9831
49.9764
49.9749
49.9707
49.9748
49.9742
49.9881
49.9859
49.9874
49.9814
49.9833
49.9823
49.9831
49.9786
49.9829
49.9745
49.9735
49.9784
49.9797
49.9835
49.9797
49.9794
49.9843
49.9958
49.9941
49.991
49.9891
49.9922
49.9935
49.9855
49.986
49.9843
49.9846
49.9931
49.9947
49.989
49.9855
49.9775
49.975
49.9738
49.9628
49.9654
49.969
49.9663
49.9624
49.9649
49.968
49.9801
49.9948
49.9976
50.0057
50.0007
49.997
50.011
50.0105
50.0112
50.0271
50.0262
50.0246
50.0263
50.0363
50.0412
50.0427
50.0461
50.0453
50.0464
50.0453
50.0433
50.0397
50.0353
50.0295
50.0227
50.0316
50.0309
50.0263
50.0274
50.0235
50.027
50.0315
50.0337
50.039
50.0389
50.0371
50.0358
50.0387
50.0372
50.0383
50.0436
50.0426
50.0374
50.0307
50.0384
50.0425
50.0385
50.0373
50.0389
50.0294
50.0219
50.0202
50.0172
50.0133
50.0175
50.019
50.016
50.0087
50.0062
50.0026
49.9984
49.9997
49.9982
49.9971
49.9886
49.9893
49.9834
49.9827
49.982
49.983
49.978
49.9852
49.9879
49.9891
49.9882
49.9869
49.9816
49.9783
49.9752
49.9736
49.9698
49.9788
49.9783
49.9721
49.9776
49.9735
49.9771
49.9688
49.9853
49.9859
49.9787
49.9763
49.9789
49.9807
49.9766
49.984
49.9811
49.9848
50.0025
50.0052
50.0039
50.0038
50.0006
50.0053
50.0084
50.0063
50.0007
49.9976
49.9971
49.9953
49.996
49.9925
49.9895
49.9923
49.9947
49.9896
49.9977
50.0005
50.0098
50.0142
50.0138
50.0057
49.9982
50.0001
49.9924
49.9945
49.9936
49.9963
49.9881
49.9876
49.9832
49.9787
49.9772
49.9775
49.98
49.9797
49.9765
49.9854
49.9857
49.9833
49.9787
49.9806
49.9847
49.9806
49.9745
49.9749
49.9858
49.9891
49.9896
49.9852
49.9855
49.9861
49.9782
49.9762
49.9737
49.9821
49.9762
49.971
49.9699
49.972
49.9715
49.9677
49.9726
49.9761
49.9769
49.981
49.9844
49.9827
49.9759
49.9776
49.9833
49.9843
49.9832
49.981
49.9804
49.9792
49.9771
49.9779
49.9787
49.9717
49.9705
49.9742
49.9711
49.9797
49.9759
49.9735
49.9781
49.9719
49.9788
49.9756
49.9742
49.9669
49.973
49.971
49.9717
49.9759
49.975
49.9754
49.9772
49.9806
49.9832
49.9882
49.9833
49.9767
49.9747
49.9843
49.9845
49.9751
49.9748
49.9704
49.9745
49.9731
49.9698
49.9684
49.9713
49.9696
49.9676
49.9586
49.9578
49.9507
49.9492
49.9552
49.9637
49.9636
49.962
49.9659
49.9622
49.9576
49.9508
49.9501
49.955
49.9535
49.9596
49.9531
49.9465
49.9533
49.9677
49.976
49.985
49.9821
49.9807
49.9812
49.9798
49.9783
49.9821
49.9897
49.9889
49.9997
50.0016
49.999
49.9991
50.0022
50.0032
50.0084
50.004
50.0137
50.0159
50.0104
50.0109
50.0146
50.0124
50.0187
50.0199
50.0187
50.0228
50.0184
50.0185
50.0134
50.014
50.012
50.0065
50.0097
50.0032
49.9977
50.0001
50.0014
49.9959
49.9965
49.9925
49.9978
50.0011
49.9986
49.9989
49.9983
49.993
49.9941
49.9917
50.0001
49.9981
50.0069
50.0058
50.0042
50.0086
50.0105
50.0167
50.0289
50.0217
50.0251
50.0202
50.029
50.0404
50.0402
50.0411
50.0398
50.0481
50.0526
50.0504
50.0511
50.0503
50.0514
50.0481
50.0448
50.0505
50.0483
50.053
50.0502
50.0511
50.0451
50.0473
50.0402
50.0429
50.0425
50.047
50.0363
50.0317
50.0287
50.0343
50.0305
50.0219
50.014
50.0149
50.0158
50.0211
50.0164
50.0231
50.0235
50.0178
50.0178
50.0204
50.016
50.0113
50.0074
50.0102
50.0156
50.0126
50.016
50.0117
50.0069
50.0189
50.0169
50.0204
50.0269
50.0206
50.0193
50.0148
50.0114
50.0102
50.0096
50.0185
50.0102
50.0066
50.0178
50.0103
50.0137
50.0207
50.0211
50.0143
50.0107
50.0084
50.0044
50.0028
50.0115
50.0165
50.0143
50.0135
50.0162
50.0221
50.0199
50.0237
50.0242
50.0351
50.0329
50.0304
50.022
50.0233
50.0219
50.017
50.0173
50.0144
50.0121
50.0083
50.0059
50.0136
50.0146
50.0154
50.0152
50.0188
50.014
50.0197
50.0158
50.0196
50.0211
50.0266
50.0321
50.0341
50.0371
50.0436
50.0587
50.0601
50.054
50.0631
50.0701
50.0817
50.0825
50.0844
50.0812
50.0831
50.0901
50.0952
50.0884
50.0926
50.1049
50.104
50.1085
50.1063
50.1044
50.1018
50.1003
50.1008
50.1042
50.106
50.108
50.1103
50.11
50.105
50.1015
50.0946
50.0941
50.0867
50.0839
50.0772
50.0765
50.0815
50.0763
50.0698
50.0773
50.0786
50.0765
50.0732
50.0746
50.0754
50.0758
50.0766
50.0887
50.0921
50.0992
50.1016
50.1026
50.1023
50.0991
50.101
50.102
50.0979
50.0974
50.1034
50.1101
50.1019
50.0972
50.1009
50.1013
50.0997
50.0977
50.0944
50.0947
50.0926
50.0887
50.0894
50.0899
50.1039
50.1045
50.108
50.109
50.1085
50.1141
50.1175
50.1088
50.1133
50.1196
50.1124
50.1074
50.1124
50.1059
50.1079
50.113
50.1117
50.1069
50.099
50.0921
50.0944
50.0992
50.0945
50.0938
50.098
50.0991
50.0944
50.0996
50.104
50.103
50.1041
50.1056
50.1113
50.1105
50.1165
50.1122
50.1123
50.1164
50.1141
50.1077
50.1083
50.1067
50.1046
50.1014
50.1025
50.1039
50.1056
50.1033
50.1013
50.1112
50.1177
50.1228
50.1197
50.1323
50.129
50.1253
50.1232
50.1179
50.1132
50.1092
50.1057
50.1022
50.0971
50.0969
50.0956
50.0929
50.0956
50.1042
50.1052
50.1103
50.1081
50.1171
50.1201
50.1197
50.1193
50.1178
50.1124
50.1151
50.1211
50.1197
50.1194
50.1146
50.1223
50.1248
50.1263
50.1253
50.123
50.123
50.1212
50.1161
50.1206
50.1155
50.1121
50.1195
50.1257
50.1309
50.1345
50.1357
50.1311
50.127
50.1342
50.1312
50.1255
50.1248
50.1204
50.1122
50.1089
50.1061
50.1068
50.1097
50.1072
50.1078
50.1046
50.1002
50.0999
50.1031
50.1143
50.1186
50.1139
50.1142
50.1131
50.1095
50.102
50.0962
50.0915
50.1003
50.0939
50.0937
50.0897
50.0907
50.0882
50.0877
50.0837
50.0929
50.0886
50.0932
50.1032
50.1058
50.1041
50.1154
50.118
50.1199
50.1133
50.1173
50.1145
50.1175
50.1244
50.1222
50.1218
50.1209
50.1196
50.1208
50.125
50.1255
50.1253
50.129
50.1343
50.1319
50.1296
50.141
50.1402
50.1482
50.1432
50.1488
50.1435
50.1423
50.1387
50.1511
50.1501
50.1532
50.1471
50.1468
50.1524
50.1491
50.152
50.1524
50.146
50.145
50.1517
50.1479
50.146
50.1506
50.1494
50.1559
50.1518
50.146
50.1485
50.1537
50.1572
50.165
50.1612
50.1584
50.1567
50.1554
50.1514
50.1536
50.1549
50.1513
50.1553
50.1569
50.155
50.1517
50.1535
50.1447
50.147
50.1495
50.1509
50.151
50.1466
50.1483
50.1538
50.1528
50.1511
50.1462
50.1452
50.1424
50.1413
50.1432
50.1492
50.1495
50.1515
50.1479
50.1503
50.1496
50.1556
50.1512
50.1543
50.1568
50.1492
50.1459
50.144
50.1516
50.1564
50.1613
50.1602
50.1519
50.1509
50.1471
50.1435
50.1458
50.1684
50.1643
50.1679
50.1653
50.1726
50.1771
50.1724
50.1711
50.1718
50.1702
50.1673
50.169
50.1705
50.1773
50.1762
50.1773
50.1707
50.1676
50.1666
50.1733
50.1719
50.1794
50.1775
50.1778
50.1746
50.1783
50.1762
50.1725
50.1765
50.1775
50.1783
50.1725
50.1722
50.1653
50.1666
50.1613
50.1634
50.1591
50.1593
50.1572
50.1648
50.168
50.1708
50.1785
50.1855
50.1937
50.1897
50.1953
50.197
50.202
50.1929
50.1922
50.1849
50.1874
50.1871
50.1838
50.1854
50.1869
50.1861
50.1939
50.1985
50.2042
50.1971
50.1963
50.1895
50.1941
50.1938
50.201
50.2029
50.2016
50.2068
50.2082
50.2002
50.1951
50.1942
50.1979
50.1912
50.1921
50.1907
50.1942
50.193
50.1985
50.2035
50.2071
50.207
50.2042
50.209
50.2057
50.1996
50.2015
50.2085
50.2023
50.1989
50.1905
50.1868
50.1888
50.186
50.1844
50.1815
50.1798
50.1878
50.1873
50.1844
50.1827
50.1827
50.1779
50.1711
50.1656
50.167
50.1703
50.1718
50.1739
50.1706
50.1706
50.1814
50.1845
50.187
50.1865
50.1811
50.1831
50.183
50.1787
50.1767
50.1778
50.1867
50.1906
50.1967
50.208
50.2128
50.2177
50.2164
50.2173
50.2134
50.2084
50.2084
50.2044
50.2015
50.2073
50.2049
50.2006
50.1951
50.1942
50.1956
50.1968
50.1964
50.1928
50.1893
50.1845
50.1835
50.1909
50.1869
50.1895
50.1849
50.1818
50.1873
50.1845
50.187
50.1919
50.1929
50.1906
50.1936
50.1957
50.197
50.1991
50.197
50.1954
50.198
50.1931
50.1884
50.183
50.1837
50.1891
50.1942
50.1942
50.1915
50.1892
50.1848
50.1901
50.1918
50.1938
50.196
50.1986
50.1945
50.1888
50.1856
50.1831
50.1829
50.1786
50.1839
50.194
50.1914
50.1915
50.1921
50.2027
50.2008
50.1968
50.1896
50.1873
50.1864
50.1903
50.1905
50.1896
50.1944
50.1942
50.1898
50.1964
50.2038
50.2063
50.2028
50.1982
50.1951
50.1939
50.1948
50.1955
50.1999
50.2022
50.1981
50.2001
50.212
50.2094
50.2048
50.2014
50.2068
50.2122
50.2184
50.2135
50.2148
50.2204
50.2225
50.227
50.2216
50.2228
50.2305
50.2345
50.2288
50.2388
50.2346
50.2386
50.2341
50.2325
50.2362
50.2364
50.2402
50.2394
50.2356
50.2344
50.2372
50.2391
50.2333
50.2414
50.2384
50.2403
50.2414
50.2405
50.2421
50.2378
50.2385
50.2356
50.2332
50.2281
50.2297
50.223
50.2261
50.2207
50.2267
50.2209
50.2153
50.212
50.2041
50.2088
50.2089
50.2037
50.2011
50.1977
50.1946
50.1943
50.1927
50.1873
50.2041
50.2104
50.2037
50.201
50.2016
50.2037
50.2023
50.2018
50.2005
50.2034
50.2032
50.2044
50.2041
50.2083
50.2032
50.2
50.2012
50.1976
50.1918
50.1933
50.1893
50.1998
50.2024
50.2133
50.2102
50.2104
50.2095
50.2098
50.2106
50.2131
50.2114
50.2031
50.2028
50.1993
50.1962
50.1948
50.188
50.1868
50.1856
50.1896
50.1893
50.1922
50.1877
50.1865
50.1902
50.1883
50.1879
50.1926
50.1919
50.1919
50.1975
50.1954
50.194
50.1925
50.1912
50.1901
50.1878
50.1867
50.1854
50.1828
50.1807
50.1821
50.1811
50.1784
50.1939
50.1938
50.1942
50.1919
50.1928
50.1924
50.201
50.1991
50.2006
50.1999
50.2042
50.1976
50.1946
50.1876
50.2024
50.1978
50.2005
50.2039
50.204
50.2027
50.2013
50.2021
50.2154
50.221
50.2197
50.2181
50.2182
50.2159
50.2163
50.2169
50.2184
50.2192
50.2196
50.2199
50.2201
50.2226
50.222
50.2188
50.2175
50.2139
50.2093
50.2104
50.2109
50.2093
50.2076
50.2073
50.2015
50.201
50.2026
50.2005
50.2021
50.2015
50.2031
50.1999
50.1947
50.1995
50.198
50.204
50.2038
50.2032
50.2066
50.2086
50.2101
50.2213
50.2201
50.2193
50.2199
50.2125
50.2117
50.2141
50.2081
50.2073
50.2067
50.201
50.2022
50.1998
50.1975
50.1953
50.1984
50.1955
50.1961
50.1922
50.1911
50.2042
50.2053
50.2035
50.2063
50.2037
50.199
50.2004
50.2011
50.2053
50.2032
50.1977
50.2
50.2054
50.2051
50.2063
50.2038
50.2005
50.2003
50.1988
50.1932
50.1871
50.1953
50.1939
50.1892
50.1955
50.198
50.1958
50.1913
50.1955
50.2017
50.2034
50.202
50.1988
50.1933
50.1897
50.1948
50.1978
50.1976
50.2065
50.2031
50.2044
50.2034
50.2098
50.2069
50.2089
50.2037
50.207
50.213
50.2124
50.2198
50.2189
50.2116
50.207
50.2009
50.2
50.1985
50.1982
50.1962
50.1926
50.1893
50.1846
50.1878
50.1795
50.1743
50.1821
50.1837
50.1876
50.1843
50.1787
50.1834
50.1816
50.1852
50.1842
50.1845
50.1879
50.1895
50.1857
50.1816
50.177
50.1962
50.1913
50.1913
50.1955
50.1964
50.1991
50.1947
50.1882
50.1951
50.1946
50.193
50.1927
50.1894
50.1844
50.1831
50.1807
50.1826
50.1815
50.1839
50.1848
50.1791
50.1843
50.1828
50.1768
50.1816
50.1906
50.1889
50.1978
50.2026
50.2
50.2029
50.2024
50.1999
50.1981
50.195
50.1921
50.1897
50.1847
50.1788
50.1795
50.1844
50.1769
50.181
50.1793
50.1752
50.1756
50.1748
50.172
50.1745
50.1737
50.1725
50.168
50.162
50.1655
50.1674
50.1748
50.1814
50.1797
50.1779
50.1818
50.1852
50.1902
50.1843
50.1821
50.1793
50.1892
50.1914
50.1922
50.1932
50.1932
50.1929
50.1934
50.1882
50.1935
50.1942
50.1914
50.1863
50.1854
50.1811
50.1785
50.1766
50.1781
50.1734
50.173
50.1724
50.1694
50.169
50.1707
50.1718
50.1685
50.1719
50.1693
50.1655
50.161
50.1671
50.1674
50.1699
50.1681
50.1654
50.1626
50.1682
50.1663
50.1644
50.1686
50.1768
50.1774
50.1778
50.1806
50.1831
50.1868
50.1803
50.1817
50.181
50.1876
50.1826
50.181
50.1813
50.1793
50.1752
50.1802
50.1816
50.1828
50.1809
50.1832
50.1877
50.1916
50.1851
50.1827
50.1787
50.1764
50.1751
50.1813
50.1807
50.1776
50.1783
50.1837
50.1832
50.1855
50.1828
50.1805
50.1758
50.1852
50.1835
50.1858
50.1796
50.1833
50.1797
50.1741
50.1808
50.1819
50.1812
50.1788
50.1753
50.1748
50.1762
50.1761
50.176
50.1763
50.1823
50.1774
50.1784
50.1763
50.1749
50.1737
50.1708
50.1675
50.1682
50.1635
50.1633
50.1599
50.1605
50.1585
50.1553
50.1589
50.1602
50.166
50.1636
50.1641
50.1634
50.159
50.1588
50.1579
50.1635
50.1572
50.1628
50.1655
50.1678
50.1734
50.1732
50.1845
50.199
50.2006
50.1999
50.1964
50.205
50.2135
50.2137
50.2157
50.2126
50.2163
50.2171
50.2139
50.2157
50.2184
50.2179
50.2233
50.2195
50.2147
50.2104
50.203
50.2051
50.2189
50.2154
50.2118
50.207
50.2041
50.2031
50.2004
50.2032
50.2108
50.2085
50.2078
50.2112
50.2103
50.2056
50.2062
50.2076
50.2019
50.203
50.2009
50.2021
50.2105
50.2091
50.2065
50.2061
50.2095
50.2104
50.2036
50.2038
50.2076
50.2047
50.2069
50.2074
50.2054
50.2039
50.1994
50.1932
50.1904
50.1871
50.1867
50.1875
50.1859
50.1875
50.1894
50.1912
50.1852
50.1886
50.1868
50.1818
50.1847
50.1943
50.1911
50.1945
50.1894
50.1859
50.193
50.188
50.185
50.1833
50.183
50.1814
50.1872
50.1879
50.189
50.1842
50.1882
50.1839
50.1864
50.1921
50.1929
50.1922
50.1906
50.1898
50.1916
50.1882
50.1945
50.2016
50.2051
50.2017
50.1977
50.1946
50.1893
50.1953
50.2027
50.2043
50.1983
50.1993
50.1988
50.1958
50.1972
50.1938
50.2004
50.201
50.2128
50.2084
50.2068
50.2062
50.2129
50.2107
50.2063
50.2051
50.2017
50.2014
50.2001
50.2014
50.2043
50.2031
50.2079
50.208
50.2099
50.2064
50.2092
50.2105
50.204
50.2047
50.2039
50.2055
50.211
50.2096
50.2089
50.2095
50.2104
50.2075
50.2126
50.2172
50.2209
50.2178
50.2208
50.2231
50.2228
50.2245
50.2212
50.2226
50.2351
50.235
50.2274
50.2241
50.2213
50.2204
50.2198
50.2195
50.217
50.2163
50.214
50.222
50.2297
50.2335
50.2334
50.233
50.2314
50.2348
50.2353
50.2368
50.2401
50.2404
50.239
50.2404
50.2417
50.2451
50.2427
50.2402
50.2371
50.2366
50.2388
50.2366
50.2386
50.2396
50.2412
50.2386
50.2389
50.2357
50.2396
50.2397
50.2419
50.255
50.2563
50.2572
50.263
50.2599
50.2568
50.2535
50.2564
50.2563
50.2534
50.251
50.2463
50.2452
50.2523
50.2558
50.2543
50.2518
50.2509
50.2542
50.2558
50.2546
50.2612
50.2596
50.2588
50.2568
50.2545
50.2551
50.2578
50.2633
50.2683
50.2714
50.2723
50.267
50.2676
50.2645
50.266
50.266
50.2627
50.259
50.2586
50.2592
50.257
50.2536
50.2683
50.2689
50.2707
50.2726
50.2781
50.2822
50.2838
50.2803
50.2866
50.2832
50.2902
50.2852
50.2842
50.2775
50.2727
50.276
50.2778
50.2762
50.2741
50.2752
50.2817
50.2793
50.2798
50.2804
50.2806
50.2815
50.2838
50.2807
50.2841
50.2785
50.2906
50.291
50.2918
50.285
50.2868
50.2896
50.2849
50.2893
50.2847
50.2851
50.2837
50.2924
50.2866
50.2843
50.2845
50.2856
50.2832
50.2819
50.28
50.2837
50.2855
50.2808
50.2801
50.2883
50.2928
50.2934
50.2939
50.2913
50.2923
50.2904
50.2896
50.2876
50.2825
50.2804
50.2821
50.2786
50.2731
50.2697
50.2701
50.269
50.2674
50.2737
50.2725
50.2795
50.278
50.2741
50.2724
50.2701
50.2651
50.2642
50.2648
50.2613
50.2596
50.2564
50.2557
50.2534
50.2584
50.2572
50.2585
50.2537
50.2538
50.2509
50.2504
50.2523
50.2465
50.2414
50.2359
50.2383
50.2386
50.2411
50.2419
50.24
50.2397
50.2401
50.2389
50.2322
50.2299
50.2303
50.2433
50.2412
50.2396
50.2469
50.2436
50.2441
50.2428
50.2422
50.2399
50.2367
50.2343
50.2301
50.2332
50.2375
50.2433
50.24
50.2363
50.2399
50.2375
50.2395
50.2386
50.2358
50.2403
50.2436
50.2394
50.2412
50.2405
50.245
50.2421
50.2466
50.2501
50.2484
50.2565
50.253
50.2511
50.2461
50.2415
50.2413
50.2389
50.24
50.2366
50.2462
50.2475
50.2451
50.2429
50.2448
50.2459
50.248
50.2504
50.2488
50.2607
50.2584
50.2572
50.2608
50.2579
50.2629
50.2589
50.2565
50.2563
50.2573
50.2588
50.2569
50.2563
50.255
50.2539
50.2564
50.2509
50.2483
50.2455
50.2428
50.2398
50.2395
50.2365
50.2342
50.2351
50.2341
50.239
50.2355
50.2349
50.2393
50.2478
50.2475
50.2476
50.244
50.2437
50.2484
50.2454
50.2471
50.2523
50.2474
50.2437
50.2413
50.2418
50.2419
50.2405
50.2392
50.2422
50.2395
50.237
50.241
50.239
50.2396
50.2413
50.239
50.2438
50.2467
50.2451
50.2483
50.248
50.2427
50.2415
50.2391
50.2366
50.2361
50.2362
50.2295
50.2343
50.2307
50.2364
50.2311
50.2302
50.232
50.2324
50.2307
50.2298
50.2267
50.2298
50.2227
50.2224
50.2166
50.2182
50.2153
50.2108
50.2084
50.2086
50.205
50.2042
50.2054
50.2034
50.2075
50.2044
50.2016
50.2001
50.2022
50.1979
50.195
50.1934
50.1961
50.195
50.192
50.1911
50.1924
50.1903
50.1901
50.1913
50.1874
50.184
50.1845
50.1813
50.1858
50.1878
50.1887
50.191
50.1909
50.1915
50.19
50.1982
50.1947
50.1945
50.1909
50.1874
50.1894
50.191
50.1913
50.1924
50.1912
50.1951
50.1899
50.194
50.1961
50.193
50.1938
50.1952
50.1968
50.2012
50.203
50.1987
50.2034
50.2009
50.2051
50.2033
50.2028
50.2032
50.2031
50.1974
50.1955
50.1918
50.19
50.1893
50.201
50.199
50.1971
50.1942
50.1956
50.195
50.1956
50.1955
50.1969
50.1936
50.191
50.1873
50.1888
50.1837
50.1855
50.1849
50.1826
50.1787
50.1826
50.182
50.1889
50.1914
50.1872
50.1869
50.1903
50.1981
50.1995
50.202
50.2076
50.2074
50.2075
50.2054
50.2062
50.2066
50.2131
50.2071
50.2045
50.2063
50.2104
50.212
50.2115
50.209
50.2083
50.2107
50.2086
50.2013
50.1991
50.1996
50.1981
50.1971
50.1945
50.1911
50.192
50.1882
50.1891
50.1871
50.1918
50.189
50.1924
50.1898
50.1887
50.1986
50.2032
50.2016
50.2022
50.2043
50.2065
50.2056
50.2021
50.2058
50.2041
50.1985
50.1997
50.1997
50.2011
50.2028
50.1994
50.204
50.2023
50.2031
50.2007
50.206
50.2047
50.205
50.2062
50.2042
50.2038
50.2043
50.2093
50.2106
50.209
50.2058
50.2048
50.2034
50.2069
50.207
50.2033
50.2012
50.204
50.2018
50.199
50.1918
50.1876
50.1801
50.18
50.1753
50.1806
50.1787
50.1795
50.1751
50.1726
50.1749
50.1832
50.193
50.1944
50.1918
50.1908
50.1864
50.1887
50.1934
50.1924
50.1913
50.1946
50.19
50.1873
50.1875
50.191
50.1873
50.1857
50.183
50.1807
50.1816
50.1806
50.1786
50.1807
50.1769
50.1781
50.1744
50.1761
50.1769
50.1739
50.1715
50.1712
50.1719
50.1728
50.1708
50.1684
50.1693
50.1661
50.1702
50.17
50.1746
50.1713
50.1699
50.1737
50.171
50.1708
50.1726
50.1826
50.1803
50.1864
50.1877
50.1837
50.1804
50.1856
50.1835
50.181
50.1806
50.1815
50.1784
50.1776
50.1737
50.1724
50.1691
50.1653
50.1657
50.1637
50.1625
50.162
50.1587
50.1571
50.1604
50.1591
50.1611
50.1549
50.15
50.1513
50.1492
50.1489
50.1546
50.1558
50.1597
50.1603
50.1603
50.1583
50.1561
50.1542
50.1547
50.153
50.1538
50.1512
50.145
50.1485
50.1536
50.1501
50.1517
50.1526
50.1549
50.1526
50.1538
50.1532
50.1533
50.148
50.1511
50.1515
50.145
50.1476
50.1481
50.1521
50.151
50.1503
50.1516
50.1531
50.1499
50.1506
50.1523
50.1548
50.1539
50.1493
50.1513
50.1494
50.1482
50.1421
50.139
50.1458
50.1412
50.1399
50.1391
50.1382
50.1393
50.1418
50.1463
50.1493
50.1479
50.1465
50.1461
50.1506
50.1501
50.1531
50.1561
50.1547
50.1518
50.1491
50.1461
50.1472
50.1491
50.1477
50.1451
50.1444
50.1447
50.1415
50.1421
50.1464
50.1475
50.1444
50.1386
50.1404
50.1429
50.1452
50.1437
50.1429
50.1438
50.1448
50.1446
50.1446
50.1425
50.1426
50.1469
50.1439
50.1402
50.1401
50.1397
50.1392
50.1381
50.1459
50.1458
50.149
50.1462
50.1438
50.1408
50.1399
50.1411
50.1447
50.1412
50.145
50.1412
50.1488
50.1472
50.1462
50.1459
50.1436
50.1424
50.1444
50.1395
50.1414
50.1408
50.1412
50.1408
50.1345
50.1299
50.1305
50.1249
50.1245
50.1227
50.1248
50.1228
50.1196
50.1243
50.1215
50.1266
50.1235
50.1202
50.1224
50.1238
50.1205
50.1172
50.1191
50.1243
50.125
50.1275
50.1282
50.124
50.1174
50.1189
50.1141
50.1171
50.1161
50.1206
50.1196
50.1152
50.1101
50.1085
50.107
50.1034
50.1002
50.0983
50.098
50.1009
50.098
50.0976
50.0965
50.0925
50.0935
50.0971
50.0956
50.0926
50.0853
50.0798
50.0818
50.0814
50.0825
50.0773
50.0754
50.0746
50.0719
50.068
50.0674
50.0691
50.0682
50.068
50.0691
50.0664
50.0705
50.0702
50.068
50.07
50.066
50.0713
50.0746
50.0731
50.0703
50.0745
50.072
50.0724
50.0667
50.0672
50.0611
50.0584
50.0538
50.0579
50.0606
50.0593
50.0625
50.0598
50.0586
50.0563
50.0584
50.0551
50.0514
50.0477
50.0466
50.046
50.051
50.0481
50.0492
50.0508
50.0529
50.049
50.0473
50.0451
50.0397
50.0342
50.0331
50.0372
50.0415
50.0438
50.0393
50.0429
50.0412
50.0421
50.044
50.0437
50.0464
50.0475
50.0502
50.0515
50.0567
50.0563
50.0542
50.0565
50.0538
50.0575
50.0576
50.0601
50.0647
50.0689
50.0719
50.0698
50.0715
50.0704
50.0679
50.0667
50.0675
50.0649
50.065
50.0659
50.0626
50.0655
50.0664
50.0639
50.0617
50.0576
50.0543
50.0539
50.053
50.05
50.0462
50.0494
50.0523
50.0499
50.0483
50.0555
50.0558
50.0558
50.0545
50.0555
50.0608
50.0653
50.0631
50.066
50.0682
50.067
50.0702
50.0692
50.0699
50.0684
50.0663
50.0638
50.0632
50.0627
50.0606
50.0615
50.0597
50.0612
50.0605
50.0582
50.058
50.0555
50.0569
50.0541
50.0555
50.0528
50.054
50.0572
50.0523
50.0478
50.047
50.0427
50.0404
50.0373
50.0368
50.0391
50.0367
50.0373
50.0398
50.0409
50.0414
50.041
50.0398
50.0406
50.0384
50.0386
50.0423
50.0417
50.0419
50.0404
50.0387
50.0381
50.034
50.0322
50.0302
50.0358
50.0366
50.0397
50.0364
50.0403
50.045
50.0471
50.0487
50.0444
50.042
50.0449
50.0471
50.0452
50.0499
50.0517
50.0533
50.0588
50.0556
50.0525
50.0589
50.0608
50.0629
50.0711
50.0718
50.0694
50.0696
50.0667
50.0645
50.0657
50.0622
50.065
50.0664
50.0648
50.0657
50.0659
50.0666
50.0693
50.0633
50.0629
50.0623
50.0606
50.0594
50.0588
50.0597
50.0531
50.0595
50.0615
50.0608
50.0646
50.0643
50.0638
50.0613
50.0623
50.0627
50.0591
50.0566
50.0561
50.0564
50.0508
50.0511
50.0499
50.0504
50.0502
50.0455
50.0449
50.0425
50.0434
50.0405
50.0352
50.0334
50.0355
50.034
50.0335
50.0391
50.0362
50.0363
50.0342
50.0312
50.0318
50.0342
50.0303
50.0252
50.0268
50.0276
50.0278
50.0259
50.0272
50.0284
50.0319
50.0317
50.0338
50.0313
50.0346
50.0381
50.0378
50.0401
50.0433
50.0438
50.0439
50.0428
50.0455
50.0465
50.0483
50.0478
50.0449
50.0435
50.0475
50.0475
50.0439
50.0431
50.0457
50.0531
50.0573
50.058
50.0538
50.0536
50.053
50.0486
50.0478
50.0481
50.0467
50.0462
50.0465
50.0485
50.0462
50.0425
50.0429
50.0405
50.0415
50.042
50.0429
50.0417
50.0399
50.0388
50.0386
50.0365
50.0417
50.0444
50.0471
50.0457
50.0449
50.0451
50.0424
50.042
50.0373
50.035
50.0397
50.0387
50.0363
50.0324
50.0294
50.0359
50.0329
50.0327
50.0379
50.0379
50.0365
50.0371
50.0369
50.0366
50.0343
50.0303
50.0324
50.0321
50.0281
50.0356
50.0337
50.041
50.035
50.0371
50.0393
50.0369
50.0335
50.0328
50.0314
50.0277
50.0262
50.0261
50.0268
50.0251
50.028
50.0279
50.0305
50.0328
50.0341
50.03
50.031
50.0286
50.0286
50.0291
50.033
50.035
50.0373
50.036
50.0323
50.0293
50.0321
50.0361
50.0361
50.0403
50.0361
50.0393
50.0375
50.035
50.0349
50.0361
50.0351
50.0363
50.0331
50.0346
50.0332
50.035
50.0341
50.032
50.0311
50.0291
50.0271
50.0318
50.0336
50.034
50.0311
50.0336
50.0387
50.0396
50.0371
50.0397
50.0361
50.037
50.0401
50.0404
50.0417
50.0413
50.0437
50.0403
50.0436
50.0377
50.0325
50.0313
50.0283
50.0293
50.0295
50.0324
50.0336
50.0334
50.0327
50.0326
50.029
50.0295
50.0284
50.0313
50.0309
50.0291
50.0276
50.0277
50.0233
50.0199
50.0181
50.0172
50.016
50.0187
50.0205
50.0219
50.0185
50.0167
50.0156
50.0142
50.0106
50.0141
50.0162
50.0183
50.0178
50.0142
50.0156
50.0168
50.0114
50.0084
50.0082
50.0074
50.0058
50.0103
50.0118
50.0095
50.0104
50.009
50.007
50.0073
50.0096
50.0073
50.0043
50.0042
50.0077
50.0062
50.0073
50.0049
50.005
50.0054
50.0041
50.001
49.9987
50.0004
50.0011
50.0126
50.0114
50.0097
50.0093
50.0139
50.0126
50.0095
50.0099
50.0065
50.0063
50.0028
50.0027
50.0051
50.0021
49.9986
50.0004
49.9971
49.9969
49.9979
49.9959
49.9972
49.9979
49.9937
49.9896
49.9864
49.9847
49.9866
49.9865
49.9837
49.9811
49.9782
49.9772
49.9759
49.9764
49.9724
49.9768
49.9715
49.9698
49.972
49.9708
49.9685
49.9723
49.9718
49.9784
49.9761
49.9768
49.9768
49.9771
49.9746
49.9727
49.9751
49.9757
49.9763
49.9742
49.9744
49.9689
49.9691
49.9674
49.9684
49.975
49.974
49.9731
49.9767
49.9789
49.9741
49.9732
49.9734
49.9736
49.9703
49.9704
49.9733
49.9757
49.9778
49.9794
49.9881
49.9916
49.9962
49.9988
49.9963
49.998
49.9958
49.9986
50.0008
49.9968
49.9942
49.9938
49.9936
49.9916
49.9907
49.9899
49.992
49.989
49.9923
49.9978
50.0002
50.0043
50.0035
50.0053
50.0072
50.0084
50.0056
50.0111
50.0114
50.0121
50.0132
50.0115
50.0168
50.0155
50.0129
50.0184
50.0168
50.0186
50.0183
50.0196
50.0227
50.0232
50.0225
50.0283
50.0265
50.0244
50.0252
50.0262
50.0314
50.0301
50.0336
50.0308
50.0332
50.0359
50.0359
50.0397
50.0406
50.0344
50.0312
50.0298
50.0262
50.0236
50.0232
50.0201
50.0206
50.0205
50.0205
50.024
50.0265
50.0243
50.0257
50.0252
50.0277
50.0278
50.0248
50.0245
50.0252
50.0223
50.0207
50.0207
50.0164
50.0169
50.0182
50.0142
50.0103
50.0152
50.0161
50.0164
50.0167
50.0184
50.0195
50.018
50.0155
50.0153
50.0181
50.0137
50.0101
50.0114
50.0166
50.0181
50.0158
50.0159
50.0156
50.0177
50.02
50.0239
50.0212
50.0207
50.0176
50.0159
50.0197
50.0199
50.0209
50.0174
50.0167
50.0193
50.018
50.0128
50.0173
50.0139
50.0118
50.0099
50.0102
50.0084
50.0077
50.0139
50.0184
50.0198
50.0192
50.0188
50.0194
50.0232
50.0235
50.0217
50.0203
50.0198
50.0154
50.0195
50.0177
50.0164
50.0204
50.0159
50.0164
50.0219
50.0191
50.0173
50.0174
50.0203
50.0174
50.0187
50.0201
50.0183
50.0137
50.0157
50.0137
50.0111
50.0088
50.0134
50.0145
50.0122
50.0144
50.0159
50.0123
50.0133
50.0107
50.0134
50.0113
50.0082
50.0022
50.0048
50.005
50.0039
50.0071
50.0106
50.0078
50.0067
50.0053
50.0059
50.0035
50.0018
50.0031
50.0002
49.9993
50.0057
50.0042
50.0028
50.0051
50.0101
50.0115
50.0132
50.0113
50.0101
50.0099
50.0063
50.0047
50.0054
50.0055
50.0012
50.0018
50.0013
49.9965
49.9965
49.9957
49.9953
49.9977
49.9991
49.997
50.0028
50.0065
50.0099
50.0111
50.0122
50.009
50.0089
50.0061
50.0062
50.0024
50.0008
50.0077
50.0053
50.0102
50.0111
50.0141
50.0123
50.0148
50.0155
50.0207
50.024
50.0227
50.0205
50.0229
50.0223
50.0226
50.0244
50.0199
50.0171
50.0149
50.0132
50.011
50.0157
50.015
50.0162
50.0192
50.0186
50.0188
50.0208
50.0189
50.0227
50.0264
50.0258
50.0249
50.0257
50.0241
50.0308
50.0289
50.024
50.023
50.0207
50.0204
50.0241
50.025
50.0292
50.0336
50.037
50.0474
50.0481
50.0479
50.047
50.0457
50.0423
50.0446
50.0415
50.0413
50.0403
50.0381
50.0362
50.0381
50.0392
50.0376
50.0405
50.0386
50.0352
50.0345
50.0371
50.036
50.0349
50.0326
50.0309
50.0322
50.0297
50.0291
50.0278
50.0234
50.0217
50.0181
50.0157
50.0177
50.0189
50.016
50.0139
50.0162
50.0178
50.0208
50.0235
50.024
50.0275
50.0287
50.0267
50.0281
50.03
50.0328
50.0324
50.0353
50.0354
50.0334
50.0365
50.0361
50.0352
50.0336
50.0353
50.0357
50.0366
50.0389
50.0411
50.0431
50.0439
50.0437
50.0424
50.0441
50.0457
50.0474
50.0474
50.0446
50.0449
50.0444
50.0412
50.0429
50.0415
50.0476
50.054
50.0535
50.0535
50.0532
50.0569
50.0642
50.0705
50.0701
50.0665
50.0664
50.0677
50.0701
50.0684
50.0705
50.0747
50.0734
50.0762
50.0764
50.0731
50.0745
50.0708
50.071
50.0747
50.078
50.0794
50.0765
50.076
50.0755
50.0735
50.0705
50.0673
50.067
50.0626
50.0604
50.0603
50.062
50.0603
50.0616
50.0635
50.0601
50.0568
50.0566
50.0553
50.0562
50.0578
50.0597
50.0604
50.062
50.0615
50.0625
50.0669
50.064
50.0639
50.0601
50.0586
50.0658
50.0623
50.0613
50.0617
50.061
50.059
50.0579
50.0555
50.0591
50.0564
50.0574
50.0565
50.0558
50.0529
50.0549
50.0541
50.0541
50.0535
50.0556
50.059
50.0647
50.0653
50.0659
50.0637
50.0634
50.0616
50.0687
50.0661
50.0681
50.0691
50.0753
50.0799
50.0784
50.0826
50.0797
50.0802
50.0783
50.0809
50.0766
50.0746
50.0735
50.0724
50.0692
50.0662
50.07
50.0677
50.0671
50.066
50.0634
50.0603
50.0585
50.0582
50.0556
50.0557
50.0591
50.0627
50.0631
50.0644
50.0603
50.0587
50.062
50.0604
50.0604
50.0637
50.0615
50.0618
50.0641
50.0656
50.0646
50.0618
50.0611
50.059
50.0596
50.0602
50.0587
50.0611
50.0575
50.0586
50.0606
50.0621
50.062
50.0609
50.0609
50.0585
50.0596
50.0628
50.0693
50.0679
50.0711
50.0734
50.0727
50.073
50.0759
50.0735
50.0731
50.0757
50.0737
50.0747
50.0725
50.0729
50.0765
50.0797
50.0817
50.0797
50.0784
50.0758
50.0766
50.0777
50.0762
50.0781
50.0742
50.0788
50.0796
50.0793
50.0765
50.0747
50.0734
50.0725
50.0683
50.0682
50.0662
50.0627
50.0615
50.0637
50.0615
50.0639
50.0635
50.0608
50.0608
50.0703
50.0686
50.0659
50.0665
50.0681
50.0664
50.0672
50.0674
50.0718
50.0709
50.0681
50.07
50.0685
50.068
50.0665
50.065
50.0671
50.0671
50.0666
50.0636
50.0624
50.0644
50.062
50.0647
50.0618
50.0605
50.0612
50.0598
50.063
50.0693
50.0666
50.0697
50.0681
50.067
50.0674
50.0697
50.068
50.0692
50.0711
50.0735
50.0796
50.0788
50.0812
50.0811
50.0798
50.0788
50.0797
50.0791
50.0775
50.0775
50.0756
50.0776
50.0802
50.0765
50.0753
50.0728
50.0689
50.0666
50.0646
50.0673
50.0674
50.0661
50.0646
50.0634
50.0616
50.0626
50.0613
50.0625
50.0645
50.0621
50.062
50.0655
50.0665
50.0687
50.0721
50.0695
50.0681
50.0665
50.0671
50.0673
50.0696
50.0726
50.0735
50.0735
50.0721
50.0695
50.0681
50.0667
50.0636
50.063
50.0609
50.0585
50.0587
50.0563
50.0551
50.0535
50.0522
50.0538
50.0545
50.056
50.0576
50.058
50.0605
50.0581
50.0556
50.054
50.0552
50.0549
50.0543
50.0543
50.0561
50.0556
50.0533
50.0503
50.0585
50.06
50.0577
50.0573
50.0557
50.0539
50.0528
50.0533
50.0563
50.054
50.0508
50.0457
50.0414
50.0442
50.0427
50.0415
50.0425
50.041
50.0377
50.037
50.0368
50.0383
50.0398
50.037
50.0359
50.0355
50.0378
50.0381
50.0396
50.0448
50.0446
50.0414
50.0415
50.0423
50.0394
50.0383
50.0373
50.0387
50.0434
50.047
50.0446
50.0447
50.0449
50.0456
50.0478
50.0468
50.0467
50.0437
50.0436
50.0428
50.0467
50.0424
50.0389
50.0384
50.0386
50.0442
50.0462
50.0475
50.0479
50.047
50.0466
50.0439
50.0435
50.0401
50.0399
50.0424
50.0401
50.0407
50.0426
50.0397
50.0371
50.0342
50.0311
50.0279
50.0354
50.0328
50.0313
50.0289
50.027
50.0277
50.0264
50.0296
50.0302
50.0333
50.0313
50.0315
50.0305
50.0288
50.0286
50.029
50.0242
50.0253
50.0317
50.0326
50.0376
50.0369
50.0365
50.0334
50.0351
50.0326
50.0376
50.0354
50.0364
50.0363
50.0314
50.0349
50.0349
50.0377
50.0449
50.0448
50.0451
50.0501
50.0523
50.054
50.0557
50.0552
50.0564
50.0554
50.055
50.0542
50.0587
50.0569
50.0569
50.0571
50.0578
50.0602
50.0601
50.0575
50.0637
50.0612
50.0636
50.067
50.0613
50.0589
50.0608
50.0631
50.0628
50.0659
50.0634
50.0613
50.0638
50.0604
50.0603
50.0572
50.0577
50.0558
50.0555
50.0526
50.0529
50.0533
50.0539
50.0567
50.0557
50.0547
50.0556
50.0592
50.0576
50.0554
50.0518
50.0549
50.0633
50.0639
50.064
50.0638
50.0684
50.0718
50.0699
50.0674
50.0653
50.0629
50.0603
50.0584
50.0625
50.0616
50.0624
50.06
50.0588
50.0613
50.0592
50.0581
50.0551
50.0578
50.0619
50.064
50.0627
50.0649
50.0697
50.069
50.0645
50.0625
50.0585
50.0557
50.0622
50.0583
50.0552
50.0575
50.0585
50.0587
50.0619
50.0623
50.0612
50.0638
50.0618
50.0593
50.0611
50.0596
50.0566
50.0596
50.0639
50.0624
50.0644
50.0639
50.0637
50.0612
50.0594
50.0578
50.0579
50.0615
50.0602
50.0597
50.0588
50.065
50.0668
50.0656
50.0644
50.0667
50.0649
50.0672
50.0675
50.0659
50.0648
50.0681
50.0663
50.0683
50.0658
50.0656
50.0666
50.0681
50.07
50.0666
50.0643
50.0649
50.0637
50.0634
50.0637
50.0603
50.0616
50.0649
50.0652
50.0662
50.0624
50.0663
50.0644
50.0644
50.0637
50.061
50.0598
50.0597
50.0607
50.0589
50.0629
50.061
50.0579
50.0564
50.0602
50.0594
50.0593
50.0559
50.0557
50.0569
50.0541
50.0564
50.0562
50.0497
50.0485
50.0467
50.0443
50.0498
50.0538
50.0514
50.0515
50.0506
50.0482
50.0466
50.0457
50.0468
50.046
50.0454
50.0456
50.0451
50.0439
50.0407
50.0389
50.0404
50.0424
50.0458
50.0429
50.0413
50.0411
50.0427
50.0433
50.0423
50.0442
50.0449
50.0505
50.0521
50.0522
50.0507
50.0494
50.0507
50.0497
50.0524
50.0524
50.0504
50.0459
50.0445
50.0439
50.0422
50.0433
50.0405
50.0448
50.0412
50.0469
50.0512
50.0497
50.0554
50.0533
50.0546
50.0546
50.0529
50.0544
50.0592
50.0573
50.0551
50.0579
50.0612
50.0611
50.0607
50.0604
50.056
50.056
50.0557
50.0555
50.0531
50.0576
50.056
50.0542
50.0534
50.0528
50.0521
50.0525
50.0514
50.0527
50.0541
50.0564
50.057
50.0543
50.0522
50.0542
50.0567
50.0548
50.0535
50.0525
50.055
50.0527
50.0509
50.0512
50.0539
50.0493
50.0481
50.0503
50.0472
50.0497
50.0491
50.0513
50.0569
50.0539
50.05
50.0471
50.0472
50.0435
50.0476
50.0473
50.0478
50.0502
50.0526
50.0573
50.0565
50.0578
50.0595
50.0602
50.061
50.0567
50.0532
50.0532
50.0493
50.0556
50.0507
50.0485
50.0465
50.044
50.0441
50.0453
50.0437
50.0484
50.0468
50.0471
50.0472
50.0444
50.0441
50.0426
50.0397
50.0383
50.037
50.037
50.0414
50.0408
50.039
50.0387
50.0398
50.0367
50.0354
50.0366
50.0382
50.042
50.0394
50.043
50.0421
50.0426
50.0414
50.0401
50.0421
50.0389
50.0383
50.0379
50.0404
50.0461
50.0434
50.0448
50.0459
50.0465
50.0471
50.0475
50.0444
50.0454
50.0445
50.0419
50.0435
50.0426
50.043
50.0504
50.0537
50.0539
50.0499
50.0489
50.0474
50.0478
50.0453
50.0473
50.0485
50.0473
50.0458
50.046
50.047
50.0465
50.045
50.0439
50.0459
50.0501
50.0455
50.0415
50.0425
50.0388
50.0366
50.0371
50.0373
50.0407
50.0394
50.0393
50.0392
50.0392
50.0416
50.0403
50.0394
50.0415
50.038
50.0385
50.0354
50.0401
50.0392
50.0374
50.0347
50.0382
50.0374
50.0339
50.03
50.0311
50.0294
50.0266
50.0277
50.026
50.0224
50.0216
50.0205
50.0198
50.0191
50.0221
50.0232
50.0213
50.0217
50.0203
50.0238
50.0234
50.0325
50.0315
50.0316
50.0363
50.035
50.037
50.0359
50.0361
50.0362
50.0378
50.0398
50.0406
50.0415
50.0387
50.038
50.038
50.0395
50.0412
50.0431
50.0431
50.0426
50.0397
50.0414
50.0393
50.0396
50.0401
50.0392
50.0349
50.0345
50.0358
50.0397
50.0385
50.0379
50.0374
50.0331
50.0317
50.0289
50.0312
50.031
50.03
50.0283
50.0271
50.0251
50.0214
50.0193
50.02
50.02
50.0196
50.0197
50.0178
50.0161
50.0142
50.0126
50.0102
50.0103
50.0093
50.0101
50.008
50.0097
50.008
50.0075
50.0044
50.0135
50.0162
50.0182
50.017
50.0192
50.0242
50.0241
50.0222
50.0236
50.0237
50.0229
50.023
50.0218
50.0234
50.0274
50.0281
50.0311
50.0292
50.0287
50.0313
50.0293
50.0303
50.029
50.0305
50.0278
50.0258
50.0258
50.0237
50.0259
50.0272
50.0273
50.025
50.0235
50.0239
50.0268
50.0234
50.023
50.0247
50.0268
50.0243
50.0252
50.0256
50.0267
50.0255
50.0226
50.0242
50.0286
50.0299
50.0302
50.0319
50.0288
50.0286
50.0294
50.0323
50.0293
50.0278
50.0296
50.0304
50.0284
50.0276
50.0254
50.027
50.0254
50.0255
50.0255
50.0266
50.026
50.0278
50.0246
50.0242
50.0271
50.0279
50.0247
50.0256
50.0294
50.0259
50.027
50.0266
50.0275
50.0293
50.0278
50.0281
50.029
50.0317
50.0296
50.0271
50.0281
50.0258
50.0287
50.0279
50.0271
50.0257
50.0234
50.0237
50.0233
50.0252
50.0224
50.023
50.0247
50.0231
50.0215
50.0247
50.0222
50.0248
50.0285
50.0296
50.0333
50.0339
50.0381
50.0384
50.0374
50.0353
50.0348
50.0335
50.0289
50.0261
50.0234
50.0223
50.0217
50.0243
50.0252
50.0219
50.0203
50.0168
50.021
50.0214
50.0198
50.0199
50.0196
50.0201
50.0211
50.024
50.022
50.019
50.018
50.0181
50.0161
50.014
50.0129
50.0153
50.0143
50.0146
50.0161
50.0181
50.0202
50.023
50.024
50.0254
50.0232
50.0237
50.0215
50.0259
50.0243
50.0237
50.023
50.0251
50.0241
50.0282
50.0312
50.0309
50.0303
50.031
50.0289
50.0277
50.0318
50.0334
50.031
50.0307
50.0334
50.0327
50.0322
50.0285
50.029
50.0255
50.0261
50.0242
50.0245
50.0231
50.0217
50.0238
50.0236
50.027
50.0238
50.0213
50.0208
50.0185
50.022
50.0189
50.0228
50.0251
50.0259
50.0246
50.0238
50.0249
50.0251
50.0248
50.0228
50.0239
50.0208
50.0176
50.0145
50.0135
50.0123
50.0132
50.0152
50.0173
50.0159
50.0172
50.0188
50.0216
50.0249
50.025
50.0219
50.025
50.0252
50.0262
50.0257
50.0246
50.0218
50.019
50.0175
50.0168
50.0142
50.0131
50.0143
50.0137
50.0146
50.0161
50.017
50.0155
50.012
50.0126
50.0123
50.0113
50.0115
50.0173
50.0143
50.0138
50.0125
50.0126
50.0157
50.0139
50.0171
50.0187
50.0186
50.0175
50.0163
50.0207
50.0195
50.0188
50.0175
50.021
50.019
50.0153
50.0159
50.0152
50.0136
50.0098
50.0096
50.0082
50.0102
50.0066
50.0117
50.0133
50.011
50.0136
50.0123
50.0141
50.0166
50.0184
50.0174
50.0155
50.017
50.0164
50.013
50.0127
50.0162
50.0151
50.0136
50.0109
50.0085
50.01
50.0081
50.0111
50.0134
50.012
50.0127
50.0115
50.0092
50.0078
50.0075
50.0082
50.0116
50.0143
50.0133
50.0133
50.0122
50.0098
50.0128
50.0106
50.0119
50.0133
50.0128
50.012
50.0106
50.0116
50.0092
50.0145
50.0122
50.0159
50.0201
50.0169
50.0145
50.0123
50.0107
50.0137
50.0155
50.0152
50.0138
50.0153
50.0134
50.0146
50.0144
50.0137
50.0125
50.0112
50.0109
50.0084
50.0113
50.0108
50.0089
50.0089
50.0059
50.003
50.0026
50.0025
50.0033
50.003
50.0035
50.0082
50.0072
50.0059
50.0037
50.004
50.0041
50.0038
50.0054
50.0029
50.0025
50.0033
50.0007
49.9961
49.9982
49.9963
49.9975
49.9966
49.9971
49.9923
49.9938
49.9925
49.9919
49.9923
49.9912
49.9888
49.9867
49.9841
49.9828
49.9842
49.9857
49.984
49.9823
49.9861
49.9885
49.9899
49.9888
49.9873
49.9854
49.9875
49.9866
49.9861
49.9872
49.9848
49.9856
49.9856
49.9838
49.9852
49.9841
49.9876
49.9906
49.9941
49.9961
49.9954
49.9957
49.9956
49.9956
49.994
49.9923
49.9924
49.9885
49.9874
49.9891
49.9887
49.9871
49.9883
49.9877
49.9888
49.9895
49.9917
49.9938
49.9933
49.9933
49.9937
49.9955
49.9981
49.9969
49.9967
49.9964
49.9988
49.9968
49.9952
49.9988
50.0001
50.0003
49.9994
49.9991
49.9984
49.9973
50.0006
49.9979
49.9975
49.9969
49.9972
49.9964
49.9951
49.993
49.9954
49.9959
49.9966
49.9957
49.9958
49.9943
49.9903
49.9922
49.992
49.9907
49.99
49.9892
49.9904
49.9863
49.9861
49.9878
49.9872
49.9864
49.9922
49.9946
49.9942
49.9941
49.995
49.9942
49.9918
49.9897
49.9907
49.9929
49.9945
49.9957
49.9973
49.9968
49.9964
49.9943
49.9926
49.9938
49.9934
49.9932
49.9896
49.9897
49.9888
49.985
49.9812
49.9817
49.9821
49.9814
49.9829
49.9793
49.9813
49.9806
49.9798
49.9829
49.9799
49.9803
49.9845
49.9857
49.9832
49.9849
49.9853
49.9844
49.9849
49.9919
49.989
49.9947
49.9948
49.9924
49.999
49.9965
49.996
49.9985
50.0004
50.0017
50.0019
49.9997
50.003
50.0007
49.9999
49.9982
49.9994
50.0003
49.9997
50.0009
50.0041
50.0049
50.0051
50.0075
50.0035
50.0076
50.0089
50.0095
50.0052
50.0073
50.0093
50.0086
50.0101
50.0086
50.0095
50.0078
50.0083
50.0099
50.0075
50.0132
50.0112
50.0091
50.0085
50.008
50.0134
50.0112
50.011
50.009
50.0081
50.0045
50.0054
50.0048
50.0073
50.0094
50.0098
50.0076
50.0049
50.0041
50.003
50.0042
50.0041
50.0059
50.0069
50.006
50.0052
50.0059
50.0057
50.0092
50.012
50.0108
50.0089
50.0082
50.0056
50.004
50.002
50.0024
50.0026
49.9993
49.9971
50.0012
49.9997
49.9974
49.996
49.998
50
50.0012
50.0049
50.0028
50.0017
50.006
50.0044
50.0046
50.0063
50.006
50.0075
50.0083
50.0064
50.0047
50.0072
50.013
50.0128
50.0153
50.0155
50.0145
50.0206
50.02
50.0159
50.0166
50.0184
50.0188
50.0239
50.0242
50.0235
50.0201
50.0208
50.0191
50.0174
50.0179
50.0202
50.0201
50.0207
50.0245
50.0238
50.0237
50.0231
50.0253
50.0235
50.0241
50.024
50.0249
50.025
50.0277
50.0249
50.0221
50.0195
50.0221
50.0225
50.0223
50.0195
50.018
50.0201
50.0216
50.0205
50.0162
50.0198
50.019
50.0206
50.0198
50.0218
50.0207
50.0239
50.0224
50.0206
50.0189
50.0199
50.0201
50.0236
50.0216
50.021
50.0191
50.0164
50.0161
50.0171
50.018
50.0162
50.0196
50.0172
50.0189
50.019
50.0207
50.017
50.0148
50.0134
50.0122
50.0103
50.0097
50.0096
50.0085
50.0134
50.0124
50.013
50.0158
50.0181
50.0167
50.017
50.0191
50.0179
50.0218
50.02
50.0187
50.0165
50.0161
50.0157
50.0141
50.0148
50.0169
50.0213
50.0192
50.0188
50.0204
50.0208
50.0186
50.0219
50.0181
50.0166
50.0149
50.0123
50.0121
50.0097
50.0113
50.0172
50.0164
50.0139
50.0148
50.0135
50.0146
50.0185
50.0175
50.0184
50.0189
50.0193
50.0212
50.0246
50.0257
50.0262
50.0238
50.0229
50.0202
50.0159
50.0161
50.0161
50.019
50.0189
50.0187
50.0194
50.0164
50.0142
50.0143
50.0151
50.0134
50.0106
50.0115
50.0108
50.0087
50.0072
50.0147
50.0115
50.0093
50.0116
50.0126
50.012
50.0098
50.0088
50.0056
50.009
50.0085
50.0077
50.0095
50.009
50.0069
50.0047
50.0024
50.0059
50.002
50.0016
50.0037
50.0009
50.0028
50.0007
50.0007
50.0033
50.0022
50.0037
50.005
50.0041
50.0006
49.9996
49.9985
50.0009
49.9986
49.999
49.9979
49.9998
49.9984
49.9969
49.9964
49.9971
49.9952
49.9934
49.9924
49.9952
49.9971
49.9969
49.9964
49.9954
49.9933
49.991
49.9919
49.9916
49.9943
49.9971
49.9985
49.9983
49.9981
49.9982
49.9975
50.0024
50.0022
50.0026
50.0048
50.0036
50.0005
50.0041
50.0018
50.002
50.0021
50.0015
50.0035
49.9995
50.001
50.0003
49.9986
49.9957
49.9953
49.9935
49.9932
49.9985
49.9946
49.997
49.9975
49.9986
50.0016
50.0027
49.999
50.0021
50.0043
50.0035
50.0028
50.0033
50.0013
50.0041
50.004
50.0056
50.0093
50.0127
50.0108
50.0114
50.0094
50.0069
50.0071
50.0054
50.0013
50.0001
49.999
49.9971
49.9951
49.9989
49.9963
49.9965
49.9954
49.9925
49.9919
49.993
49.9922
49.9931
49.9918
49.9882
49.9876
49.9885
49.9889
49.9878
49.9865
49.9872
49.9899
49.9903
49.9903
49.9911
49.9913
49.993
49.9915
49.99
49.9872
49.9845
49.9871
49.985
49.9851
49.984
49.9831
49.9806
49.9801
49.978
49.9791
49.9798
49.9818
49.9784
49.9804
49.9805
49.9802
49.9815
49.9815
49.9817
49.984
49.986
49.985
49.9881
49.9889
49.987
49.9898
49.9926
49.9941
49.9955
49.9947
49.9931
49.997
49.9949
49.9966
49.9984
49.9961
49.9966
49.999
50.0024
50.0029
50.0031
50.0005
49.9986
49.9974
49.995
49.9954
49.9937
49.9921
49.995
49.997
49.9999
49.9981
49.9955
49.9924
49.9927
49.993
49.9929
49.9926
49.9904
49.9892
49.9884
49.9895
49.9864
49.9894
49.9899
49.9908
49.9904
49.9922
49.9909
49.9884
49.9917
49.9922
49.9936
49.9939
49.99
49.992
49.9897
49.991
49.992
49.9929
49.9905
49.9889
49.9875
49.9845
49.9829
49.9799
49.9796
49.9808
49.9837
49.9863
49.9849
49.9828
49.9823
49.98
49.9787
49.9802
49.9847
49.9845
49.9853
49.9845
49.9826
49.9834
49.9831
49.9849
49.983
49.9824
49.9809
49.9809
49.981
49.9819
49.9851
49.9858
49.9849
49.9818
49.9858
49.9847
49.9874
49.9852
49.986
49.986
49.9852
49.9828
49.9825
49.9841
49.9856
49.9824
49.9822
49.9852
49.9834
49.9845
49.9832
49.9822
49.9857
49.9893
49.9863
49.9836
49.9833
49.9856
49.9856
49.9833
49.9814
49.9816
49.9773
49.9764
49.9804
49.9774
49.9783
49.978
49.9754
49.9755
49.9732
49.9748
49.9744
49.973
49.9743
49.9733
49.9717
49.9691
49.9701
49.9695
49.9719
49.9725
49.9727
49.9723
49.9729
49.971
49.9707
49.974
49.9722
49.9725
49.9696
49.9715
49.9721
49.9698
49.9694
49.9664
49.9637
49.9641
49.9652
49.9627
49.9604
49.9623
49.9644
49.9648
49.9654
49.9642
49.964
49.9616
49.9597
49.9616
49.9605
49.9598
49.9579
49.9586
49.9588
49.9578
49.9612
49.9612
49.9605
49.9596
49.9627
49.9618
49.9633
49.9606
49.9655
49.9655
49.9666
49.9668
49.9689
49.9681
49.9655
49.9617
49.9588
49.9561
49.9556
49.9595
49.9596
49.9607
49.9579
49.9568
49.9549
49.9554
49.9518
49.9517
49.9507
49.9487
49.9468
49.9514
49.9503
49.9506
49.9515
49.9502
49.9504
49.9511
49.9486
49.9473
49.947
49.9447
49.9435
49.9464
49.9456
49.9437
49.9492
49.9535
49.9548
49.9573
49.9575
49.9579
49.9556
49.9548
49.9536
49.955
49.9563
49.9592
49.9615
49.9632
49.9632
49.9599
49.9636
49.9622
49.963
49.9647
49.9644
49.963
49.9654
49.9637
49.968
49.9654
49.9631
49.9625
49.962
49.9646
49.9632
49.9605
49.9606
49.9608
49.9642
49.9638
49.9624
49.9626
49.9607
49.9629
49.9637
49.9647
49.9612
49.9618
49.9636
49.9623
49.9621
49.9608
49.9573
49.9574
49.9551
49.9563
49.9543
49.9553
49.9544
49.9546
49.9548
49.9536
49.9555
49.9566
49.9573
49.9558
49.9545
49.9576
49.9614
49.9599
49.9597
49.9609
49.9634
49.9611
49.9607
49.958
49.9558
49.9568
49.9576
49.961
49.9596
49.9607
49.9592
49.9558
49.9536
49.9515
49.9522
49.9508
49.949
49.9499
49.9511
49.9513
49.95
49.9493
49.9487
49.9549
49.9576
49.9612
49.9585
49.9607
49.9637
49.9691
49.9739
49.9723
49.9722
49.9744
49.972
49.9721
49.9722
49.9727
49.9732
49.9746
49.9734
49.9711
49.9722
49.974
49.9732
49.9735
49.9764
49.9786
49.9802
49.9796
49.9783
49.9769
49.9769
49.9741
49.9741
49.9753
49.9759
49.9735
49.9751
49.9746
49.9752
49.977
49.9784
49.9773
49.9775
49.9754
49.9805
49.9841
49.9827
49.982
49.9795
49.9802
49.9793
49.9769
49.9763
49.9774
49.9781
49.9814
49.986
49.9859
49.9911
49.9917
49.9926
49.9915
49.9921
49.9905
49.9963
49.9982
49.997
49.9939
49.9939
49.9969
49.9968
49.998
49.9959
49.9984
49.9993
50.0055
50.0055
50.005
50.0019
50.004
50.0038
50.0019
50.0036
50.002
50.0035
50.0022
50.0008
50.0035
50.0049
50.003
50.0045
50.0021
49.9993
50.0023
50.0032
50.0033
50.0052
50.0034
50.0014
50.0019
50.0017
50.0008
49.9973
49.9964
49.9952
50.0005
50.0006
49.999
49.9985
50
50.0016
50.0009
49.9988
49.9989
50.0006
50.002
50.0025
50.0005
50.0013
50.0018
50.0048
50.0063
50.0058
50.0059
50.0032
50.0027
50.0015
50.002
50.0013
50.0012
50.0049
50.0017
49.9992
50.0059
50.0034
50.0033
50.0025
50.0025
50.0047
50.0039
50.0052
50.0056
50.0084
50.009
50.007
50.0071
50.015
50.018
50.0174
50.0192
50.0182
50.017
50.0157
50.0186
50.0186
50.0177
50.017
50.0174
50.0192
50.0207
50.0184
50.0167
50.0134
50.0173
50.0156
50.0152
50.0155
50.015
50.015
50.0132
50.0095
50.0094
50.0076
50.0082
50.0115
50.0104
50.0112
50.015
50.0126
50.011
50.0108
50.0106
50.0092
50.0102
50.0068
50.0053
50.0046
50.0023
50.0005
50.0008
50.004
50.0014
50.0028
50.0012
49.9991
49.9968
49.9949
49.9933
49.9948
49.9956
49.9988
49.9978
49.9941
49.9939
49.9936
50.001
50.0002
49.9984
49.9989
49.9999
50.0037
50.0063
50.0083
50.0131
50.0127
50.0139
50.0149
50.016
50.0179
50.0184
50.0186
50.0173
50.016
50.0185
50.0177
50.0157
50.0167
50.0197
50.0195
50.0209
50.0253
50.0251
50.0275
50.025
50.0261
50.0264
50.0291
50.0264
50.0298
50.0294
50.0272
50.0251
50.0257
50.0223
50.0213
50.0214
50.0213
50.0234
50.0258
50.0251
50.0225
50.0195
50.0201
50.0191
50.0186
50.0193
50.0184
50.0191
50.019
50.0162
50.0159
50.0122
50.0113
50.0102
50.0088
50.0094
50.0072
50.0076
50.0061
50.006
50.005
50.0037
50.0075
50.0057
50.0031
50.0052
50.0037
50.0045
50.0036
50.0104
50.0102
50.0095
50.015
50.0175
50.0154
50.0145
50.0149
50.0117
50.0092
50.0095
50.0059
50.0065
50.0056
50.005
50.0057
50.007
50.0062
50.0032
49.9995
50.0005
49.9981
49.9976
49.9966
49.9957
49.9967
49.9978
49.9988
49.9972
49.9943
49.9976
49.9944
49.9968
49.9983
49.9978
50.0027
50.0053
50.0063
50.0047
50.0027
50.0013
50.0012
50.0004
50.005
50.0039
50.0031
50.0028
50.003
50.0045
50.0013
49.9996
50.0012
49.9998
50.0002
50.0009
49.9976
49.9983
50.0004
50.0002
50.0004
49.9972
49.9953
49.9952
49.9955
49.9951
49.9988
49.9958
49.9958
49.9954
49.9931
49.9942
49.9967
49.9979
49.9988
49.9988
50.0002
50.0017
50.0033
50.0028
49.9999
50.0022
49.9979
49.9977
49.995
49.995
49.9939
49.9952
49.9955
49.9977
49.9963
49.9972
49.9948
49.9969
49.9968
49.9943
49.9938
49.9925
49.9911
49.9922
49.9924
49.9926
49.9923
49.9944
49.9938
49.9911
49.994
49.994
49.9909
49.9954
49.9939
49.9954
49.9977
49.9958
49.9945
49.9937
49.9953
49.9957
49.9942
49.9932
49.9928
49.9913
49.9901
49.9938
49.9959
49.9958
49.9973
49.9967
49.9952
49.9943
49.9929
49.9921
49.9941
49.9937
49.9963
49.9942
49.9928
49.9928
49.9908
49.987
49.9856
49.9857
49.9828
49.9854
49.9841
49.9829
49.9806
49.9795
49.9791
49.9843
49.9857
49.9878
49.9878
49.9864
49.9865
49.9863
49.9874
49.9867
49.9885
49.9864
49.9873
49.9874
49.9855
49.9864
49.9852
49.9856
49.9831
49.9838
49.9821
49.9835
49.9808
49.9815
49.981
49.9829
49.9839
49.984
49.9845
49.9829
49.982
49.9812
49.9811
49.9776
49.9825
49.9843
49.9834
49.9855
49.9843
49.9825
49.9848
49.9854
49.9844
49.989
49.9874
49.9879
49.9908
49.9885
49.9878
49.9873
49.9894
49.989
49.9909
49.9903
49.9897
49.9881
49.9862
49.9884
49.9895
49.9902
49.9922
49.9896
49.9894
49.9894
49.9866
49.9871
49.9849
49.9854
49.9876
49.9897
49.9894
49.987
49.9887
49.9882
49.9884
49.9904
49.9892
49.9894
49.9904
49.9874
49.9873
49.9854
49.9814
49.9797
49.9783
49.9789
49.9815
49.9808
49.9796
49.9773
49.9778
49.9755
49.9721
49.9726
49.9724
49.9712
49.9723
49.9737
49.9751
49.9733
49.9735
49.9707
49.9725
49.9761
49.9783
49.9785
49.9786
49.9802
49.9801
49.9816
49.9835
49.9823
49.9808
49.9794
49.9805
49.9809
49.9803
49.9812
49.9813
49.9828
49.9816
49.9818
49.982
49.9799
49.9783
49.9749
49.9728
49.9735
49.9733
49.9733
49.9729
49.9722
49.9738
49.9761
49.9772
49.9738
49.974
49.9754
49.975
49.9757
49.9778
49.9781
49.9768
49.9763
49.9789
49.9767
49.9766
49.9756
49.9757
49.9739
49.9762
49.9759
49.9761
49.9754
49.9769
49.9774
49.9775
49.9775
49.9824
49.9808
49.981
49.9805
49.9815
49.9826
49.9811
49.9783
49.9763
49.9777
49.9758
49.9745
49.9718
49.9714
49.9697
49.9703
49.9698
49.9709
49.9708
49.971
49.9694
49.9707
49.9726
49.9715
49.9734
49.9722
49.9693
49.9703
49.9691
49.9685
49.9677
49.9669
49.9675
49.9678
49.9702
49.9693
49.9676
49.9654
49.9662
49.9665
49.9676
49.9669
49.9668
49.9683
49.9718
49.9759
49.9792
49.9779
49.9766
49.9757
49.9748
49.9724
49.9744
49.9723
49.9724
49.9706
49.975
49.9758
49.9754
49.9749
49.9765
49.9847
49.9829
49.9832
49.9844
49.9834
49.9831
49.9829
49.9832
49.9812
49.9845
49.9838
49.985
49.9841
49.9838
49.9854
49.9881
49.9877
49.9871
49.9906
49.9921
49.9909
49.9902
49.9877
49.9852
49.9871
49.9886
49.9894
49.9863
49.9869
49.9851
49.9886
49.9889
49.9894
49.9911
49.9907
49.9886
49.9884
49.9921
49.9948
49.9947
49.9937
49.993
49.9932
49.9911
49.9909
49.9895
49.9886
49.9862
49.9873
49.9879
49.9875
49.9865
49.9864
49.9839
49.9858
49.9869
49.9895
49.9869
49.9858
49.9835
49.9865
49.9875
49.9922
49.9909
49.9944
49.9973
49.9965
49.9951
49.9949
49.9994
49.9992
49.9979
49.997
50.0005
50.001
49.999
49.9991
49.9971
49.9957
49.996
49.9984
49.9998
50.0011
50.0013
50.0021
50.0024
50.0034
50.0052
50.0036
50.0023
50.0028
50.0031
50.0015
50.0002
49.9995
50.0008
50.0014
50.0012
50.0044
50.0051
50.0095
50.0101
50.0082
50.0085
50.012
50.0121
50.0138
50.0133
50.0139
50.0159
50.0176
50.0181
50.0212
50.0201
50.0181
50.0177
50.0155
50.0166
50.0176
50.018
50.0193
50.0222
50.0211
50.0182
50.0192
50.0188
50.02
50.0188
50.0156
50.013
50.0114
50.0091
50.0079
50.0072
50.0055
50.0058
50.0037
50.0031
50.0081
50.01
50.011
50.0089
50.0081
50.0079
50.0129
50.0152
50.017
50.0159
50.0145
50.0119
50.0128
50.0139
50.0157
50.0158
50.0148
50.0139
50.0122
50.0137
50.0133
50.0122
50.01
50.0084
50.0059
50.0075
50.0088
50.0074
50.0038
50.0042
50.0019
50.0024
50.0016
49.9995
50.0023
50.0041
50.0037
50.0068
50.0057
50.003
50.0036
50.0053
50.0055
50.004
50.0017
50.0024
50.0015
50.0022
50.0062
50.0075
50.0074
50.0077
50.0064
50.0089
50.0073
50.0077
50.008
50.0089
50.0087
50.0058
50.0074
50.0072
50.0044
50.0037
50.0044
50.0051
50.0043
50.0014
50
50.0002
50.0005
49.9989
49.9971
49.9956
49.9935
49.9946
49.9976
49.9968
49.9964
49.9949
49.9989
49.9985
49.9991
49.9989
49.9971
49.9944
49.9921
49.9909
49.9922
49.9914
49.9906
49.9864
49.9885
49.9882
49.9874
49.9961
49.9938
49.9938
49.9948
49.9922
49.9907
49.9896
49.9881
49.9899
49.9895
49.9874
49.9859
49.9881
49.9904
49.9909
49.9926
49.9938
49.9943
49.9955
49.9981
49.9972
49.9965
49.9954
49.9934
49.9938
49.993
49.9934
49.9898
49.993
49.9941
49.9946
49.9916
49.9898
49.9889
49.9907
49.9927
49.9928
49.9913
49.9965
50.0016
50
50
49.999
50.0008
50.0009
49.9999
50.0027
50.0045
50.002
50.0011
49.9978
49.9973
49.9953
49.997
49.9946
49.9953
49.9964
49.9955
49.9933
49.9957
49.9947
49.9944
49.9959
49.9991
49.9987
49.9989
50.0008
49.999
49.9972
49.9949
49.9954
49.9967
49.9984
49.9958
49.9979
49.9971
49.9967
49.9967
49.9952
49.9981
50.0009
49.9993
49.9997
49.9964
49.9952
49.9929
49.993
49.9947
49.9933
49.9924
49.991
49.9895
49.9908
49.992
50.0033
50.0027
50.0016
50.0001
49.9997
49.9991
49.9991
49.9978
49.9984
49.9999
49.998
49.9956
49.9949
49.9944
49.9957
49.9964
49.9978
49.9978
49.9995
49.9988
49.9978
49.9978
49.9978
49.999
49.9998
50
49.9992
50.0004
50.0031
50.0031
50.001
50.0025
50.002
50.0005
50.0018
49.9984
49.9984
49.9972
49.9971
49.9965
49.9974
49.9949
49.9967
49.9948
49.9928
49.995
49.9946
49.9907
49.9916
49.9951
49.9991
49.9984
49.9988
49.9991
50.0002
50.0037
50.0025
50.0027
50.0019
50.0006
50.0023
50.0017
50.004
50.0041
50.0037
50.0022
50.0021
50.0047
50.0039
50.004
50.0052
50.0048
50.0054
50.0056
50.0051
50.0087
50.0096
50.0092
50.0104
50.0095
50.0082
50.0087
50.0085
50.0106
50.0097
50.0108
50.0096
50.0108
50.0128
50.0117
50.0138
50.0144
50.0172
50.0148
50.0153
50.0131
50.0118
50.0097
50.0104
50.0117
50.009
50.0074
50.0059
50.0073
50.0061
50.009
50.0124
50.012
50.0104
50.0102
50.0118
50.0119
50.0121
50.0149
50.0169
50.0159
50.0196
50.0174
50.0156
50.0154
50.0143
50.0143
50.0141
50.0114
50.0115
50.0103
50.01
50.0114
50.0125
50.0131
50.0149
50.0149
50.0125
50.0107
50.0125
50.0108
50.0096
50.0111
50.0104
50.0088
50.0134
50.0115
50.0119
50.0094
50.0097
50.0124
50.0163
50.0146
50.0159
50.0154
50.0158
50.0177
50.0192
50.0197
50.019
50.0176
50.0202
50.0185
50.0157
50.0121
50.0115
50.0132
50.0156
50.0204
50.0207
50.0189
50.0177
50.019
50.0181
50.0176
50.0203
50.0205
50.0231
50.0247
50.0243
50.0221
50.0253
50.0255
50.0237
50.0256
50.0278
50.0286
50.029
50.0297
50.0293
50.032
50.0312
50.0312
50.0307
50.0301
50.0318
50.0326
50.0309
50.0304
50.032
50.0317
50.0322
50.0369
50.0381
50.038
50.0355
50.0342
50.0371
50.0375
50.0357
50.0365
50.0365
50.0349
50.0358
50.0336
50.0328
50.0345
50.04
50.0413
50.0389
50.0376
50.0365
50.0352
50.0345
50.0337
50.0321
50.0323
50.0325
50.0335
50.0341
50.0339
50.0335
50.0354
50.0372
50.0374
50.0366
50.0364
50.0378
50.0372
50.0383
50.0405
50.0399
50.0385
50.0415
50.0398
50.0394
50.0389
50.0381
50.0383
50.0381
50.0358
50.0362
50.0393
50.0395
50.0402
50.0404
50.0386
50.0373
50.0375
50.0366
50.0369
50.0353
50.036
50.0353
50.037
50.0354
50.0341
50.0329
50.0344
50.0335
50.035
50.0338
50.0342
50.0319
50.035
50.0335
50.0339
50.0345
50.0346
50.0346
50.0338
50.0375
50.0416
50.0436
50.0462
50.0465
50.0525
50.0517
50.0541
50.0561
50.055
50.0555
50.0541
50.0534
50.0516
50.0516
50.0554
50.0553
50.0521
50.0536
50.0525
50.0546
50.0543
50.0532
50.0535
50.0523
50.0533
50.0563
50.0565
50.0586
50.0588
50.0592
50.0574
50.0596
50.0585
50.0588
50.0587
50.058
50.0594
50.0599
50.0583
50.0594
50.0579
50.0586
50.0578
50.0652
50.0684
50.0702
50.0697
50.0711
50.0696
50.0679
50.068
50.0662
50.069
50.0672
50.0668
50.0679
50.0695
50.0694
50.0688
50.0709
50.0698
50.0728
50.0716
50.0736
50.075
50.0736
50.0731
50.0726
50.0723
50.0746
50.0738
50.0716
50.0759
50.0749
50.072
50.0763
50.0748
50.0719
50.0724
50.0693
50.0678
50.0696
50.0706
50.0741
50.0724
50.0724
50.0727
50.0703
50.0687
50.071
50.0699
50.072
50.0711
50.0728
50.0728
50.0714
50.0726
50.0724
50.0721
50.0714
50.0732
50.0747
50.0758
50.0743
50.0724
50.0728
50.0749
50.0763
50.075
50.0749
50.077
50.0784
50.0778
50.0767
50.0765
50.0763
50.075
50.0751
50.0714
50.0706
50.0685
50.0701
50.0713
50.0702
50.0683
50.071
50.0714
50.0729
50.0714
50.076
50.0755
50.0744
50.0747
50.0747
50.075
50.0739
50.0724
50.0692
50.0688
50.0686
50.0677
50.072
50.0709
50.0707
50.0722
50.073
50.0729
50.0734
50.0731
50.0725
50.0696
50.0704
50.0697
50.0701
50.0695
50.0705
50.0688
50.0682
50.0692
50.0685
50.0711
50.0684
50.0723
50.0706
50.0697
50.069
50.0696
50.0672
50.0679
50.0708
50.0696
50.07
50.0704
50.0713
50.0725
50.0696
50.0692
50.0684
50.0691
50.0685
50.07
50.0683
50.0709
50.0734
50.0761
50.0774
50.0795
50.077
50.0758
50.0787
50.0762
50.0791
50.0758
50.077
50.0769
50.0754
50.0745
50.0722
50.0708
50.0723
50.0727
50.0728
50.0732
50.075
50.0739
50.0736
50.0734
50.071
50.0707
50.0702
50.0706
50.0716
50.0735
50.0747
50.0756
50.0738
50.0748
50.0747
50.0765
50.076
50.074
50.0733
50.0718
50.0722
50.0719
50.0774
50.0805
50.0803
50.0827
50.0815
50.0798
50.08
50.081
50.0839
50.0818
50.0807
50.0819
50.0815
50.0802
50.0799
50.0762
50.0768
50.0744
50.0752
50.0753
50.0775
50.0777
50.0772
50.076
50.0781
50.0818
50.083
50.0819
50.0809
50.0828
50.0801
50.0811
50.082
