7.3757
2.66697
3.06892
1.82408
1.08517
1.87828
1.58435
2.40919
2.16626
2.02624
1.86439
2.06254
2.202
2.35396
2.16496
2.33669
2.34699
2.35208
2.20781
2.06729
2.44063
2.27872
2.45146
2.30368
2.12311
2.22804
2.05847
1.96587
1.9465
2.10291
2.02039
2.20107
2.06188
2.39188
2.38557
2.33469
2.49718
2.40548
2.30871
2.35754
2.56635
2.46925
2.45036
2.48447
2.39476
2.33888
2.25957
2.22519
2.34465
2.26503
2.58108
2.68888
2.61656
2.61276
2.5821
2.51403
2.44547
2.37188
2.31414
2.33508
2.36665
2.36781
2.3035
2.22401
2.22722
2.18798
2.25909
2.27985
2.31906
2.36191
2.31695
2.25957
2.22612
2.20981
2.20434
2.19633
2.23439
2.24594
2.23501
2.29008
2.31469
2.30498
2.28731
2.28321
2.26509
2.24956
2.25126
2.21196
2.20708
2.16685
2.13378
2.1255
2.12831
2.0878
2.04515
1.9913
1.99624
2.09695
2.15383
2.11895
2.07876
2.06298
2.03613
2.03723
2.0087
2.00683
1.98104
1.96927
1.98004
1.97096
1.93354
1.93145
1.92718
1.90071
1.88721
1.85473
1.83936
1.81176
1.81157
1.82659
1.7971
1.87626
1.9286
1.92351
1.92178
1.93516
1.99999
2.07171
2.03718
2.08923
2.09673
2.10637
2.12937
2.10857
2.08305
2.09061
2.08213
2.05187
2.0348
2.02552
2.00098
1.97687
2.01215
1.99726
2.02318
2.08321
2.06852
2.16194
2.15234
2.14766
2.14106
2.16657
2.1914
2.16529
2.22532
2.20854
2.19154
2.19032
2.19372
2.21378
2.19694
2.1707
2.15602
2.1833
2.21754
2.22077
2.21893
2.20683
2.22834
2.2237
2.21466
2.19991
2.20282
2.25987
2.23478
2.33844
2.34397
2.34136
2.37345
2.36314
2.36949
2.37053
2.37676
2.42467
2.41612
2.39904
2.40354
2.39984
2.37925
2.38464
2.38648
2.36862
2.33802
2.32308
2.31123
2.286
2.26714
2.31194
2.31806
2.29328
2.28957
2.28015
2.2636
2.25682
2.26661
2.2788
2.2946
2.27174
2.27064
2.27062
2.26051
2.25926
2.25681
2.26787
2.25483
2.27358
2.26534
2.24911
2.24971
2.28879
2.29299
2.29328
2.27831
2.30078
2.28651
2.29835
2.3048
2.28729
2.269
2.25395
2.25502
2.28894
2.26475
2.25356
2.25313
2.24176
2.23383
2.22898
2.24553
2.24467
2.23108
2.20831
2.21301
2.20973
2.23145
2.25423
2.26427
2.24842
2.26543
2.26566
2.25537
2.25587
2.27342
2.25551
2.27939
2.2747
2.25677
2.29029
2.2724
2.25891
2.25416
2.24909
2.25593
2.25177
2.26529
2.27059
2.29014
2.29678
2.29648
2.28979
2.2808
2.34593
2.36187
2.348
2.3309
2.31954
2.33405
2.33989
2.3324
2.33858
2.32617
2.32945
2.34163
2.35657
2.34062
2.35003
2.34853
2.34831
2.35168
2.34319
2.34513
2.3314
2.34863
2.39404
2.37568
2.3723
2.36095
2.3543
2.36149
2.35912
2.35673
2.3427
2.32795
2.38414
2.37958
2.40816
2.39938
2.38879
2.40251
2.40439
2.39188
2.39486
2.4048
2.43267
2.44791
2.45429
2.46409
2.4478
2.4329
2.42505
2.41583
2.40865
2.40148
2.38779
2.47409
2.46734
2.45344
2.43796
2.45673
2.45572
2.46786
2.47346
2.46632
2.47101
2.4647
2.45388
2.43847
2.45184
2.43988
2.4336
2.42582
2.4278
2.42213
2.41934
2.41968
2.40497
2.39339
2.39626
2.38442
2.37093
2.36706
2.3764
2.37692
2.37606
2.3669
2.38284
2.37677
2.36512
2.36356
2.36386
2.37016
2.35756
2.35657
2.34628
2.33454
2.33107
2.31773
2.32004
2.33417
2.32395
2.32025
2.32264
2.31228
2.30792
2.29955
2.29544
2.30138
2.29831
2.28778
2.28897
2.29888
2.29229
2.30213
2.30169
2.2904
2.29389
2.28137
2.29305
2.28112
2.27588
2.27507
2.27236
2.26123
2.25404
2.25746
2.25408
2.2471
2.24492
2.24572
2.24009
2.22888
2.2395
2.23717
2.24295
2.24136
2.24184
2.24689
2.24047
2.22782
2.2301
2.21846
2.22815
2.22725
2.2167
2.22277
2.22799
2.22848
2.22608
2.23215
2.2291
2.21731
2.20986
2.21606
2.23472
2.2245
2.21641
2.2059
2.20166
2.21332
2.22144
2.2353
2.24305
2.23807
2.2285
2.2192
2.21949
2.21511
2.21295
2.2152
2.21076
2.22838
2.23443
2.23318
2.22361
2.21585
2.2171
2.2075
2.22832
2.22135
2.21256
2.21281
2.20996
2.20043
2.19099
2.18252
2.17496
2.18782
2.18482
2.17424
2.16561
2.16592
2.16788
2.17235
2.16933
2.16236
2.16391
2.16604
2.18045
2.17073
2.16252
2.15605
2.14857
2.15095
2.14469
2.13424
2.1291
2.12919
2.13676
2.13797
2.13921
2.13785
2.13458
2.12405
2.12062
2.11808
2.10992
2.10132
2.09272
2.09202
2.08915
2.09848
2.09311
2.08892
2.0923
2.11799
2.11234
2.10471
2.10968
2.11566
2.1148
2.10924
2.1056
2.11365
2.1097
2.12146
2.12473
2.11734
2.11201
2.10227
2.10159
2.09332
2.10204
2.10263
2.09343
2.10828
2.10743
2.1036
2.10826
2.10353
2.10391
2.10273
2.10257
2.12268
2.12747
2.1256
2.12269
2.12969
2.12644
2.13146
2.12558
2.1205
2.11959
2.12201
2.11369
2.10644
2.11254
2.10768
2.10592
2.10005
2.11511
2.11112
2.10705
2.10799
2.10993
2.10266
2.10192
2.10183
2.09583
2.09477
2.08761
2.08648
2.07979
2.07267
2.07511
2.08297
2.09221
2.10314
2.0977
2.09357
2.11231
2.10669
2.12892
2.15854
2.15618
2.14956
2.14664
2.14697
2.14092
2.13602
2.12918
2.12243
2.12205
2.12339
2.12373
2.12253
2.11589
2.10964
2.11219
2.10633
2.09971
2.09929
2.10022
2.1039
2.0988
2.09206
2.08529
2.08249
2.10107
2.10973
2.10736
2.10066
2.12889
2.13684
2.13428
2.13137
2.12907
2.12592
2.12093
2.11434
2.11144
2.11743
2.11517
2.10981
2.10402
2.09745
2.08943
2.08988
2.08917
2.09201
2.0883
2.09318
2.10147
2.11052
2.10844
2.1065
2.09967
2.0941
2.10743
2.10541
2.09872
2.10612
2.10961
2.11503
2.10948
2.11796
2.12263
2.11885
2.11249
2.1063
2.10151
2.12494
2.11908
2.12349
2.12575
2.13865
2.13792
2.1326
2.12522
2.13912
2.13413
2.15887
2.1499
2.14686
2.1387
2.13534
2.15899
2.15913
2.1533
2.16617
2.1823
2.17803
2.19317
2.19259
2.18676
2.20651
2.20045
2.19606
2.21226
2.20858
2.21437
2.21043
2.21333
2.20926
2.20413
2.20371
2.20632
2.20063
2.20372
2.20077
2.20161
2.19461
2.19608
2.21045
2.21745
2.21401
2.20839
2.20659
2.19913
2.19335
2.18839
2.18445
2.1816
2.18414
2.17941
2.18174
2.18045
2.17445
2.16906
2.17821
2.17397
2.1724
2.16875
2.17174
2.18295
2.17675
2.17496
2.17172
2.16788
2.1672
2.16176
2.1548
2.15062
2.15134
2.15098
2.1495
2.14281
2.14561
2.14887
2.16513
2.16804
2.17593
2.17584
2.17584
2.18045
2.17891
2.17561
2.17944
2.18216
2.18405
2.18135
2.18477
2.1804
2.17533
2.18251
2.17649
2.17576
2.17012
2.18219
2.1765
2.18079
2.18969
2.19484
2.19316
2.2097
2.21034
2.22399
2.21966
2.21744
2.21261
2.21513
2.20929
2.21436
2.21078
2.21101
2.20772
2.20382
2.20128
2.2025
2.22458
2.23337
2.24027
2.24046
2.24133
2.23543
2.24178
2.24873
2.24756
2.25634
2.25523
2.25852
2.25204
2.24906
2.25085
2.25281
2.24526
2.24494
2.24022
2.25835
2.25794
2.2637
2.25806
2.25498
2.24976
2.24596
2.24823
2.24357
2.24837
2.24557
2.24608
2.24339
2.23784
2.23876
2.23361
2.23219
2.2319
2.23249
2.2283
2.22331
2.22486
2.22037
2.22215
2.21693
2.21238
2.21398
2.2296
2.23386
2.22984
2.24147
2.24123
2.23993
2.23624
2.23407
2.25832
2.25681
2.25074
2.25275
2.25234
2.25017
2.24897
2.25698
2.25491
2.25603
2.25599
2.25142
2.25656
2.25817
2.25336
2.24972
2.25914
2.25808
2.26016
2.25514
2.24913
2.25355
2.24787
2.24702
2.24026
2.23835
2.23334
2.22913
2.23517
2.23443
2.24132
2.24095
2.23929
2.23776
2.23392
2.23503
2.23331
2.22917
2.22531
2.23399
2.22954
2.22789
2.22915
2.23451
2.24019
2.23928
2.23537
2.23669
2.23561
2.23708
2.23408
2.23
2.23631
2.23713
2.23128
2.23275
2.22713
2.22947
2.22564
2.22139
2.22016
2.21593
2.21474
2.21229
2.20973
2.23699
2.24156
2.23698
2.23585
2.2427
2.23884
2.23897
2.23478
2.23334
2.23303
2.23574
2.23719
2.25062
2.24815
2.24392
2.24115
2.23672
2.2496
2.25184
2.24633
2.24481
2.23987
2.25025
2.24708
2.24758
2.25087
2.24666
2.24419
2.25572
2.25002
2.24917
2.25496
2.25133
2.25072
2.24687
2.2518
2.24969
2.24384
2.23873
2.23704
2.24533
2.24081
2.23848
2.23452
2.23892
2.23575
2.23241
2.23708
2.23818
2.24064
2.23583
2.24714
2.24413
2.24364
2.24014
2.23857
2.23743
2.23639
2.23933
2.24108
2.23836
2.23529
2.23341
2.23919
2.25627
2.25634
2.25619
2.25219
2.26034
2.25705
2.25488
2.2524
2.25096
2.24665
2.24231
2.2382
2.24295
2.23921
2.23716
2.23419
2.22998
2.22948
2.2267
2.22214
2.22323
2.22359
2.22761
2.22929
2.22606
2.22173
2.22062
2.21617
2.21634
2.2262
2.22387
2.22102
2.23062
2.23188
2.22708
2.22392
2.22364
2.2214
2.22728
2.2251
2.22057
2.23955
2.23827
2.23323
2.2327
2.23715
2.2354
2.23764
2.23556
2.23214
2.22848
2.22338
2.2219
2.21875
2.21455
2.21286
2.20993
2.20986
2.21567
2.21951
2.217
2.21596
2.21821
2.21824
2.21929
2.21444
2.2095
2.21077
2.21321
2.21095
2.20731
2.21331
2.21024
2.20539
2.217
2.21445
2.21122
2.20964
2.2063
2.20362
2.20295
2.1997
2.20547
2.20568
2.20318
2.19971
2.19514
2.19318
2.18986
2.18662
2.18862
2.18419
2.18454
2.18151
2.18202
2.18297
2.1804
2.17763
2.17824
2.17492
2.17387
2.17111
2.17483
2.17325
2.16972
2.16912
2.16475
2.16375
2.16244
2.16168
2.16082
2.16686
2.16197
2.1621
2.15912
2.15519
2.16056
2.16011
2.15575
2.1543
2.15268
2.15412
2.15099
2.14816
2.14558
2.14267
2.14031
2.13744
2.14204
2.14367
2.14106
2.13717
2.13272
2.12929
2.12979
2.13195
2.13066
2.12716
2.12762
2.12515
2.1236
2.1216
2.12446
2.13402
2.12982
2.12914
2.12836
2.12725
2.12567
2.12207
2.12038
2.11714
2.1159
2.11567
2.1132
2.12179
2.11854
2.11421
2.11525
2.11133
2.10759
2.10697
2.10428
2.10046
2.10293
2.10071
2.10322
2.10285
2.10466
2.10182
2.09903
2.09654
2.09261
2.10461
2.10368
2.10292
2.10168
2.1016
2.09942
2.09756
2.09304
2.09356
2.0909
2.0885
2.09383
2.09374
2.09298
2.098
2.09436
2.09258
2.09354
2.09413
2.08969
2.08946
2.08496
2.08335
2.08546
2.0863
2.0907
2.08874
2.09028
2.08742
2.08476
2.08092
2.07793
2.07911
2.08083
2.07909
2.07729
2.07426
2.07475
2.07318
2.0704
2.07088
2.06985
2.07823
2.07947
2.0759
2.07615
2.07827
2.0779
2.07675
2.07524
2.0747
2.07367
2.07129
2.07873
2.07754
2.08008
2.07795
2.08244
2.0824
2.07827
2.07897
2.0744
2.07371
2.07882
2.07469
2.07783
2.07773
2.07953
2.07933
2.08745
2.09167
2.08861
2.08605
2.08698
2.08768
2.08589
2.08429
2.08016
2.07614
2.07705
2.07728
2.07291
2.06959
2.06821
2.06834
2.06823
2.0663
2.0642
2.06039
2.0614
2.06111
2.06269
2.05826
2.05438
2.05218
2.05215
2.05683
2.05352
2.05067
2.04761
2.04702
2.0467
2.04497
2.04081
2.03925
2.03999
2.04276
2.04713
2.05219
2.05133
2.04929
2.04778
2.04704
2.04753
2.04548
2.04415
2.04698
2.04784
2.04583
2.04486
2.04246
2.03909
2.04544
2.04379
2.05021
2.05261
2.05024
2.04654
2.05065
2.05775
2.0584
2.05663
2.06004
2.06423
2.07115
2.06739
2.07058
2.06813
2.06643
2.06456
2.07502
2.07186
2.07172
2.07293
2.07442
2.07318
2.07375
2.07865
2.07834
2.07625
2.08102
2.08536
2.09304
2.09051
2.08637
2.09127
2.08901
2.08849
2.08868
2.09506
2.09212
2.10581
2.10655
2.10899
2.10955
2.10997
2.10853
2.10817
2.10448
2.10666
2.10821
2.10471
2.10362
2.10344
2.10256
2.10251
2.10354
2.09953
2.09754
2.09561
2.09516
2.09485
2.09545
2.09974
2.09683
2.09442
2.09123
2.0894
2.08937
2.08711
2.08541
2.083
2.09993
2.10092
2.10145
2.09802
2.10343
2.10302
2.1004
2.11083
2.11678
2.12014
2.12007
2.11892
2.11704
2.11591
2.11956
2.11934
2.11768
2.11518
2.11593
2.1152
2.11475
2.11572
2.11134
2.11767
2.11671
2.11483
2.11451
2.11637
2.11549
2.11395
2.11134
2.10857
2.11592
2.11392
2.11101
2.11379
2.11032
2.11196
2.10989
2.10791
2.10605
2.10314
2.10371
2.10395
2.10907
2.1106
2.11757
2.11744
2.12116
2.11999
2.11647
2.11342
2.11251
2.10912
2.11109
2.11585
2.12107
2.12082
2.12134
2.12174
2.11972
2.11866
2.11571
2.11481
2.11345
2.11477
2.11139
2.11021
2.10709
2.10497
2.10235
2.10189
2.09976
2.09707
2.09448
2.09775
2.09728
2.10241
2.10486
2.10623
2.106
2.10374
2.10614
2.10596
2.10704
2.10719
2.1091
2.10726
2.10515
2.10379
2.10187
2.09963
2.09688
2.10108
2.09808
2.09562
2.09442
2.09174
2.09646
2.10037
2.09812
2.09684
2.09917
2.10269
2.09947
2.09705
2.10483
2.10266
2.1038
2.1036
2.10502
2.10646
2.10561
2.10388
2.10309
2.10018
2.10178
2.10151
2.10092
2.10284
2.10153
2.10632
2.10351
2.10226
2.10055
2.1016
2.10137
2.10852
2.11401
2.11282
2.11399
2.11651
2.11715
2.11447
2.1157
2.11747
2.11947
2.12008
2.12307
2.12591
2.1242
2.12141
2.12169
2.1237
2.12013
2.12107
2.12012
2.11875
2.12702
2.12969
2.13671
2.14038
2.14045
2.14872
2.15265
2.14977
2.15128
2.15116
2.15315
2.15204
2.15238
2.14886
2.15187
2.14914
2.14958
2.15408
2.15797
2.15435
2.15169
2.15413
2.15218
2.15046
2.14949
2.15377
2.15282
2.15333
2.15428
2.1564
2.15538
2.15224
2.15581
2.15353
2.15103
2.15014
2.14681
2.14386
2.14301
2.13995
2.14354
2.14205
2.14018
2.14094
2.14662
2.14419
2.1468
2.14561
2.14408
2.14376
2.14189
2.14392
2.14134
2.13853
2.1375
2.13494
2.1369
2.14372
2.1428
2.14256
2.13996
2.14113
2.14403
2.14386
2.14329
2.14848
2.14903
2.14958
2.14802
2.14906
2.1516
2.14991
2.14828
2.145
2.14576
2.14315
2.14774
2.14941
2.14693
2.15142
2.14934
2.14735
2.1438
2.14433
2.14833
2.1472
2.14828
2.14805
2.14536
2.14769
2.15147
2.15157
2.14867
2.1472
2.14804
2.1486
2.15331
2.15941
2.15707
2.15619
2.15604
2.15776
2.1572
2.15582
2.16201
2.15962
2.15953
2.15632
2.154
2.15144
2.14879
2.14697
2.14637
2.1456
2.15307
2.15299
2.15982
2.16466
2.16361
2.16393
2.16509
2.16224
2.16314
2.17474
2.177
2.1742
2.1734
2.17182
2.17769
2.18267
2.18141
2.18228
2.17983
2.17954
2.18425
2.18119
2.17985
2.17831
2.18116
2.17917
2.17992
2.17679
2.1762
2.17533
2.17217
2.17042
2.16892
2.16606
2.16838
2.17122
2.16964
2.16811
2.17185
2.17176
2.1748
2.17393
2.17412
2.18634
2.18489
2.18375
2.18213
2.18219
2.17951
2.17904
2.17598
2.174
2.17341
2.17091
2.16991
2.16765
2.16627
2.16483
2.16316
2.16078
2.1607
2.16166
2.15989
2.16154
2.15888
2.15767
2.15651
2.15422
2.15313
2.15104
2.14998
2.15004
2.14992
2.15087
2.16096
2.16228
2.16133
2.15926
2.15791
2.15599
2.15456
2.15208
2.15236
2.15229
2.14992
2.14719
2.14656
2.14977
2.15788
2.15627
2.15375
2.15247
2.15488
2.15339
2.15705
2.15509
2.16253
2.16133
2.15954
2.1578
2.15715
2.15501
2.15333
2.1552
2.15338
2.15131
2.15003
2.15131
2.15173
2.15084
2.14812
2.14529
2.14492
2.14234
2.14806
2.14554
2.14319
2.14214
2.1401
2.14107
2.1464
2.14595
2.14803
2.14574
2.14891
2.14908
2.14698
2.14615
2.14409
2.14489
2.14269
2.14255
2.14228
2.14283
2.1489
2.14806
2.14867
2.14599
2.14704
2.14493
2.14509
2.14286
2.14158
2.14391
2.14289
2.14755
2.14816
2.14887
2.14881
2.15268
2.1575
2.15743
2.15639
2.15531
2.15326
2.15301
2.15145
2.14991
2.15069
2.15007
2.14749
2.14831
2.14698
2.15325
2.15698
2.15554
2.15739
2.15624
2.1632
2.16246
2.16065
2.15913
2.16101
2.16262
2.16323
2.16186
2.16366
2.16235
2.16013
2.15999
2.15814
2.15623
2.15462
2.1563
2.15492
2.15475
2.1547
2.1554
2.15487
2.15401
2.15334
2.15346
2.15137
2.14947
2.14837
2.14564
2.14415
2.14156
2.13949
2.13681
2.13898
2.14112
2.13909
2.13605
2.13542
2.13339
2.13326
2.13326
2.13702
2.13546
2.13527
2.13323
2.13131
2.13037
2.12791
2.12523
2.12537
2.1261
2.12587
2.12704
2.12511
2.12388
2.12643
2.12418
2.12249
2.12015
2.11828
2.12427
2.12444
2.12649
2.12459
2.12342
2.12072
2.12063
2.11877
2.11627
2.11559
2.11736
2.11805
2.11571
2.11507
2.11931
2.12053
2.11835
2.1182
2.11939
2.12115
2.11805
2.1173
2.12146
2.12
2.12004
2.11915
2.11956
2.1211
2.11903
2.11723
2.12152
2.11969
2.11755
2.11842
2.1178
2.11682
2.11374
2.1167
2.11479
2.11259
2.11214
2.11194
2.11237
2.11347
2.11161
2.1091
2.11306
2.1111
2.11144
2.11489
2.11903
2.11857
2.11826
2.1179
2.11518
2.11375
2.11312
2.11336
2.11382
2.11492
2.11418
2.11188
2.1117
2.11567
2.11507
2.11457
2.11595
2.11555
2.11381
2.11364
2.1127
2.11268
2.11198
2.11219
2.11082
2.11343
2.11185
2.11057
2.11074
2.10938
2.10738
2.10588
2.10522
2.10355
2.10381
2.10436
2.10385
2.10204
2.10168
2.09912
2.10152
2.10426
2.10206
2.10103
2.09854
2.10046
2.10599
2.10724
2.10507
2.10696
2.10657
2.10563
2.10714
2.10726
2.10661
2.11176
2.10999
2.10906
2.10885
2.1077
2.10699
2.10759
2.10775
2.11043
2.10968
2.11119
2.11217
2.11029
2.11104
2.10894
2.10798
2.10693
2.10598
2.10393
2.10237
2.10481
2.10332
2.1065
2.10669
2.10934
2.1101
2.11178
2.11007
2.11696
2.1162
2.11491
2.11332
2.11192
2.11087
2.1118
2.1127
2.11107
2.11103
2.10927
2.10794
2.10564
2.1034
2.10594
2.10334
2.10248
2.10007
2.09808
2.10139
2.09954
2.0979
2.09693
2.09604
2.09485
2.09408
2.09328
2.09234
2.09105
2.09015
2.08779
2.08977
2.08751
2.08885
2.08772
2.08695
2.08789
2.08773
2.08883
2.08681
2.08631
2.08527
2.08748
2.08623
2.08766
2.08643
2.08438
2.08254
2.08276
2.082
2.08296
2.08205
2.07953
2.07911
2.07717
2.07773
2.07686
2.07574
2.07617
2.07448
2.07748
2.07534
2.07319
2.07188
2.07082
2.06894
2.06811
2.06997
2.06936
2.06789
2.07111
2.07054
2.07052
2.06994
2.06917
2.06803
2.06855
2.06834
2.0726
2.07226
2.07063
2.06964
2.06912
2.07376
2.07715
2.07799
2.08105
2.08488
2.08397
2.08398
2.08462
2.08475
2.08497
2.08477
2.08334
2.0827
2.08239
2.0857
2.08644
2.0853
2.08692
2.08617
2.08545
2.08457
2.08267
2.08158
2.08399
2.0832
2.087
2.08745
2.0884
2.08829
2.08692
2.08685
2.08518
2.08335
2.08271
2.08501
2.08755
2.08754
2.08838
2.0874
2.08464
2.08254
2.08084
2.08198
2.08019
2.0794
2.08084
2.08214
2.0799
2.07813
2.07753
2.07586
2.07917
2.07674
2.07675
2.07561
2.07763
2.07643
2.07505
2.07471
2.07327
2.07457
2.07338
2.07583
2.07446
2.07344
2.07426
2.07375
2.07482
2.07541
2.07673
2.0755
2.07768
2.0771
2.07636
2.07462
2.07457
2.07209
2.07221
2.07585
2.07568
2.07541
2.07472
2.07503
2.07569
2.07713
2.07557
2.07351
2.07946
2.07733
2.08176
2.08044
2.08211
2.08198
2.08057
2.07887
2.07997
2.07865
2.07747
2.07711
2.07563
2.07399
2.07373
2.07232
2.07056
2.07027
2.07128
2.07083
2.07198
2.07065
2.06896
2.06989
2.06869
2.06938
2.06854
2.07093
2.07023
2.06876
2.06883
2.0685
2.06729
2.06994
2.072
2.07139
2.07104
2.07488
2.0788
2.077
2.07565
2.07425
2.07346
2.07505
2.08345
2.0873
2.08764
2.08666
2.0846
2.08757
2.08882
2.0905
2.0889
2.0871
2.08806
2.08697
2.08493
2.08369
2.08683
2.08473
2.0831
2.08314
2.08265
2.08477
2.08558
2.08334
2.08074
2.08116
2.08087
2.08058
2.08136
2.08045
2.0792
2.0782
2.07785
2.08231
2.08191
2.08151
2.08127
2.08011
2.0798
2.07798
2.08007
2.08045
2.08106
2.08273
2.08242
2.08852
2.08902
2.08851
2.08684
2.0876
2.08612
2.08819
2.08911
2.08711
2.08632
2.08692
2.08669
2.08628
2.08456
2.08326
2.08539
2.08448
2.08527
2.08487
2.08441
2.08298
2.08234
2.08382
2.08163
2.08212
2.08235
2.08112
2.08361
2.08255
2.08667
2.0864
2.08507
2.08743
2.08658
2.0891
2.08787
2.08708
2.08813
2.08968
2.08762
2.09019
2.08946
2.08822
2.09011
2.0918
2.08976
2.09027
2.088
2.08649
2.08736
2.0862
2.08445
2.08263
2.0805
2.07935
2.08122
2.07988
2.07915
2.07886
2.0784
2.07666
2.07512
2.07328
2.07488
2.07334
2.07165
2.06965
2.06798
2.06988
2.07078
2.07245
2.07008
2.0799
2.07994
2.08073
2.08303
2.08338
2.08162
2.08018
2.08145
2.07997
2.07874
2.07768
2.07706
2.07688
2.07575
2.07626
2.07551
2.07458
2.07667
2.07636
2.07563
2.07401
2.07457
2.07603
2.0748
2.0731
2.07227
2.07197
2.07044
2.06914
2.07247
2.0714
2.06998
2.07134
2.06936
2.06952
2.07076
2.06979
2.06999
2.06829
2.06795
2.06917
2.06998
2.06941
2.06816
2.06721
2.07199
2.07024
2.06873
2.06838
2.06871
2.06727
2.07338
2.0723
2.07053
2.06905
2.06737
2.06663
2.06572
2.06509
2.06391
2.06454
2.0652
2.06292
2.06138
2.06179
2.05996
2.05802
2.05795
2.05648
2.05542
2.05453
2.05354
2.05267
2.05085
2.04984
2.0485
2.0473
2.0461
2.045
2.0428
2.04452
2.04369
2.04291
2.04231
2.04136
2.04122
2.04022
2.03923
2.03818
2.03686
2.03512
2.034
2.03441
2.03587
2.03645
2.03722
2.038
2.03649
2.03434
2.03454
2.04158
2.04144
2.04105
2.04299
2.04269
2.04195
2.04576
2.04702
2.04552
2.04403
2.04307
2.04265
2.04058
2.04183
2.0477
2.04715
2.05003
2.05201
2.05448
2.0553
2.05558
2.05434
2.06331
2.06209
2.06068
2.06024
2.05802
2.05862
2.05668
2.05574
2.05395
2.05175
2.05178
2.05082
2.05425
2.05305
2.05165
2.05235
2.05254
2.05336
2.05307
2.05193
2.0523
2.05137
2.05081
2.05033
2.05008
2.05222
2.05371
2.05487
2.05405
2.05525
2.05822
2.05812
2.05683
2.05548
2.05369
2.05319
2.05209
2.05418
2.05681
2.0574
2.05942
2.05807
2.05818
2.05772
2.05747
2.05639
2.05595
2.05431
2.05265
2.05273
2.05148
2.0521
2.05232
2.05046
2.05028
2.052
2.05152
2.05402
2.05349
2.05342
2.05194
2.0512
2.05053
2.05184
2.05064
2.05026
2.04888
2.04883
2.04739
2.04751
2.04543
2.04496
2.04358
2.04212
2.04216
2.04245
2.04152
2.04227
2.04191
2.04513
2.04365
2.04566
2.04948
2.04846
2.04649
2.0452
2.04536
2.04435
2.04315
2.04313
2.04534
2.04799
2.04789
2.04661
2.04619
2.04596
2.0452
2.05279
2.05314
2.05378
2.05271
2.05147
2.05348
2.0587
2.06115
2.0603
2.05893
2.05806
2.05737
2.05854
2.05779
2.05753
2.05921
2.05801
2.0571
2.05675
2.05635
2.05676
2.05499
2.05437
2.05492
2.05588
2.05451
2.0533
2.05317
2.05345
2.05281
2.05115
2.05112
2.05104
2.05164
2.0515
2.05167
2.05221
2.05463
2.05325
2.0561
2.05444
2.05508
2.05798
2.05684
2.06148
2.06093
2.05919
2.05834
2.0582
2.05662
2.05765
2.05778
2.0574
2.05771
2.05586
2.05828
2.05685
2.0572
2.06188
2.06562
2.0637
2.06571
2.06677
2.06715
2.06819
2.06744
2.06607
2.06778
2.06928
2.06913
2.07213
2.07168
2.06975
2.06998
2.0695
2.06933
2.06874
2.06723
2.06591
2.06751
2.06712
2.06772
2.06908
2.0677
2.06605
2.06497
2.0638
2.0643
2.06579
2.06592
2.06469
2.06291
2.06329
2.06474
2.0644
2.06573
2.06517
2.06503
2.06374
2.06389
2.06334
2.06178
2.06011
2.06191
2.06386
2.06596
2.0662
2.06796
2.06857
2.06876
2.06828
2.06927
2.06773
2.06654
2.06687
2.06519
2.06557
2.06465
2.06378
2.0617
2.06408
2.06639
2.06543
2.06727
2.06744
2.06625
2.06534
2.06746
2.06864
2.07035
2.07228
2.07017
2.06914
2.07156
2.07112
2.07046
2.06929
2.06911
2.07036
2.06887
2.06871
2.06815
2.06798
2.06963
2.06879
2.06879
2.06714
2.06607
2.06517
2.06368
2.06381
2.06263
2.06107
2.05947
2.05924
2.05794
2.0578
2.05896
2.06054
2.06135
2.0615
2.06102
2.0612
2.05933
2.0599
2.05944
2.05946
2.05801
2.05717
2.05679
2.05497
2.05375
2.05202
2.05019
2.05109
2.05121
2.05022
2.04848
2.04984
2.04905
2.04977
2.04817
2.05646
2.0548
2.05414
2.0543
2.0549
2.05592
2.06009
2.05884
2.05795
2.05668
2.05873
2.05825
2.06201
2.06071
2.06081
2.05942
2.06003
2.06438
2.06284
2.06204
2.06081
2.06134
2.05991
2.06481
2.0671
2.06669
2.06838
2.06763
2.0659
2.06917
2.07045
2.07133
2.07295
2.07229
2.07101
2.07034
2.07108
2.07071
2.0703
2.07154
2.07096
2.07054
2.06972
2.071
2.07175
2.07247
2.07118
2.07149
2.07102
2.06966
2.07054
2.06943
2.06946
2.0704
2.06915
2.07064
2.07159
2.07257
2.07334
2.07613
2.0748
2.07328
2.07301
2.07201
2.07083
2.06918
2.06843
2.06761
2.06804
2.06774
2.06593
2.06597
2.06918
2.07046
2.07117
2.07278
2.07437
2.07356
2.07306
2.07288
2.07125
2.0734
2.07285
2.07166
2.07032
2.07042
2.07201
2.07087
2.07535
2.07454
2.0729
2.07305
2.0737
2.07372
2.07482
2.0751
2.07447
2.07565
2.07662
2.07732
2.07713
2.07594
2.07442
2.07478
2.07349
2.07306
2.07261
2.07225
2.07088
2.0697
2.06862
2.06866
2.06826
2.06794
2.06622
2.06684
2.06531
2.06401
2.06467
2.0636
2.06261
2.06412
2.06416
2.06256
2.06172
2.0609
2.06141
2.06019
2.05868
2.05787
2.05685
2.05499
2.05418
2.056
2.05947
2.05805
2.05799
2.05798
2.05651
2.05532
2.05407
2.05564
2.05721
2.05723
2.05702
2.05642
2.05587
2.05606
2.0563
2.05678
2.05522
2.05416
2.05718
2.05604
2.05489
2.0555
2.05484
2.05422
2.05242
2.05188
2.05283
2.05207
2.0525
2.0515
2.05346
2.05226
2.053
2.05631
2.05475
2.05534
2.05489
2.05386
2.05359
2.05315
2.05222
2.05348
2.05418
2.05677
2.05571
2.05605
2.05778
2.05801
2.05766
2.05603
2.05519
2.05546
2.05454
2.05425
2.05777
2.05643
2.05466
2.05394
2.05259
2.05458
2.05429
2.05373
2.05559
2.0551
2.05418
2.05465
2.05387
2.0527
2.05195
2.05267
2.05313
2.05321
2.05232
2.05176
2.05093
2.05056
2.05031
2.04943
2.04929
2.04864
2.04785
2.04823
2.0493
2.04833
2.04818
2.05247
2.05262
2.05112
2.05191
2.05314
2.05156
2.05161
2.05255
2.05303
2.0523
2.05162
2.05042
2.05103
2.04943
2.04833
2.04814
2.04735
2.0465
2.04488
2.04302
2.0423
2.0471
2.04539
2.04413
2.04365
2.04447
2.04421
2.04276
2.04279
2.04139
2.04233
2.04142
2.04082
2.04017
2.04181
2.04267
2.04183
2.04356
2.04673
2.04637
2.04548
2.04572
2.04408
2.0427
2.04349
2.04223
2.04193
2.04176
2.04198
2.04189
2.04342
2.04295
2.04198
2.04065
2.04008
2.04064
2.04039
2.03932
2.03883
2.03846
2.03916
2.03898
2.04232
2.04119
2.0428
2.04341
2.04232
2.04258
2.0423
2.04469
2.04575
2.04396
2.04317
2.04635
2.04732
2.04587
2.04493
2.04551
2.04468
2.0447
2.04545
2.04582
2.04915
2.04796
2.04718
2.0465
2.04557
2.04444
2.04482
2.04349
2.04488
2.04751
2.04605
2.04452
2.04471
2.04341
2.0431
2.0437
2.04245
2.04101
2.04008
2.03863
2.04088
2.04356
2.04336
2.0424
2.04287
2.04157
2.04121
2.04361
2.04256
2.04147
2.04238
2.04067
2.04064
2.03887
2.03766
2.03797
2.03756
2.03938
2.04008
2.03982
2.03904
2.0386
2.03967
2.04049
2.03975
2.03845
2.03859
2.03858
2.03767
2.03614
2.03464
2.03352
2.03492
2.03372
2.03342
2.03318
2.03195
2.03172
2.03015
2.03011
2.03132
2.03031
2.03068
2.02925
2.02946
2.02911
2.03061
2.03127
2.03024
2.02934
2.03291
2.03218
2.03121
2.02969
2.02984
2.02969
2.03124
2.03064
2.03553
2.03435
2.0327
2.03146
2.03227
2.03214
2.03066
2.03192
2.03055
2.03027
2.03051
2.02943
2.02867
2.02821
2.02678
2.02702
2.02727
2.02792
2.02871
2.02725
2.02803
2.02893
2.0277
2.03091
2.02943
2.02954
2.02899
2.02824
2.02806
2.02702
2.02753
2.02748
2.02677
2.02545
2.02612
2.02511
2.02652
2.02581
2.02752
2.0264
2.02616
2.02697
2.02658
2.02562
2.02434
2.02303
2.0222
2.02107
2.02096
2.01944
2.01855
2.01808
2.01677
2.01708
2.01553
2.01562
2.01495
2.01447
2.01293
2.01277
2.01184
2.01019
2.0089
2.00797
2.00936
2.00767
2.00952
2.00993
2.00882
2.00846
2.00696
2.00656
2.00616
2.00616
2.0057
2.00576
2.00594
2.00445
2.0048
2.00492
2.00463
2.00997
2.00972
2.00924
2.00927
2.0078
2.00644
2.00741
2.00579
2.00429
2.00585
2.00859
2.00778
2.00707
2.00559
2.00519
2.00457
2.00653
2.00647
2.00782
2.00854
2.00822
2.00774
2.00944
2.01275
2.01279
2.01176
2.01211
2.01357
2.01599
2.0144
2.01416
2.01282
2.01165
2.01364
2.01323
2.01297
2.01334
2.01268
2.01195
2.01129
2.01258
2.0128
2.01374
2.01279
2.0153
2.02068
2.01958
2.01925
2.01905
2.02012
2.02077
2.02505
2.02455
2.024
2.02307
2.02278
2.0243
2.02301
2.02186
2.02236
2.02243
2.0212
2.02219
2.02281
2.02385
2.02264
2.02265
2.02172
2.02116
2.02288
2.02208
2.02097
2.02232
2.02134
2.02071
2.02036
2.01878
2.01918
2.01819
2.01993
2.01846
2.01854
2.02102
2.01992
2.01934
2.01845
2.01724
2.01579
2.01421
2.0137
2.01278
2.01176
2.01346
2.01388
2.0133
2.01284
2.01319
2.01261
2.0134
2.01575
2.01428
2.01449
2.01337
2.01806
2.01888
2.0186
2.01767
2.01643
2.0172
2.01757
2.01687
2.01726
2.01602
2.01667
2.01696
2.01731
2.01881
2.01907
2.01911
2.01821
2.01708
2.01619
2.01632
2.01513
2.01537
2.01437
2.01317
2.01312
2.01249
2.01552
2.01529
2.01402
2.01326
2.0123
2.01207
2.01154
2.01208
2.01091
2.01376
2.01327
2.01362
2.01297
2.01426
2.01459
2.01367
2.0161
2.01667
2.01682
2.01745
2.01583
2.01922
2.01937
2.01869
2.018
2.01687
2.01587
2.01555
2.01701
2.01731
2.01778
2.01808
2.01739
2.01737
2.01771
2.01709
2.01612
2.01491
2.01499
2.01909
2.01768
2.01707
2.01733
2.01783
2.01865
2.02335
2.02209
2.02348
2.0235
2.02312
2.02153
2.02034
2.01883
2.01856
2.01715
2.01599
2.01494
2.0151
2.01601
2.01666
2.0164
2.01571
2.01495
2.01378
2.01292
2.01424
2.0144
2.01532
2.01391
2.01393
2.01322
2.01271
2.01451
2.01407
2.01449
2.01304
2.01178
2.01359
2.01392
2.01411
2.01519
2.01549
2.01479
2.01583
2.01578
2.01595
2.01739
2.0191
2.01881
2.01743
2.01729
2.01662
2.01616
2.01594
2.01618
2.01631
2.01514
2.01514
2.01391
2.01282
2.01182
2.01054
2.01096
2.01056
2.01036
2.01046
2.01092
2.01112
2.01146
2.01044
2.00974
2.00871
2.0098
2.0129
2.01206
2.01371
2.01634
2.01539
2.02051
2.02091
2.02042
2.01976
2.01923
2.01816
2.01751
2.01642
2.01599
2.01475
2.01486
2.01482
2.01383
2.01312
2.01215
2.01279
2.01194
2.01104
2.00988
2.00998
2.00901
2.01307
2.01217
2.01129
2.01298
2.01575
2.01475
2.01359
2.01286
2.01179
2.01273
2.01349
2.01299
2.01331
2.01291
2.01224
2.01274
2.01163
2.01049
2.00957
2.00871
2.00757
2.00625
2.00722
2.00689
2.00711
2.00709
2.00649
2.00657
2.00543
2.00399
2.0038
2.00358
2.0091
2.008
2.00703
2.00662
2.00575
2.00613
2.00551
2.00449
2.00466
2.00349
2.00305
2.00346
2.00515
2.00496
2.0037
2.00251
2.00146
2.00139
2.00054
1.99972
1.9987
1.99752
1.99737
1.99895
1.99811
1.99807
1.99796
1.99706
1.99698
1.99601
1.99796
1.99757
1.99799
1.99687
1.99657
1.99563
1.99444
1.99552
1.99487
1.99361
1.99367
1.9957
1.99551
1.99555
1.99629
1.9984
1.99762
1.99632
1.99548
1.99847
1.99995
1.99861
1.99893
2.0018
2.00662
2.00594
2.0049
2.00427
2.00341
2.00208
2.0009
2.00107
1.9997
1.99837
1.99873
1.99861
1.99766
1.9979
1.99714
1.99777
1.99659
1.99557
1.99548
1.99681
1.99661
1.9991
1.99774
1.99679
1.99601
1.99507
1.99402
1.99309
1.99237
1.99218
1.99158
1.99201
1.99179
1.99424
1.99378
1.99243
1.99197
1.99087
1.98983
1.99088
1.99042
1.99056
1.99031
1.99161
1.99134
1.99179
1.99059
1.98997
1.98928
1.98842
1.98867
1.98751
1.98637
1.98675
1.98563
1.98496
1.98472
1.98391
1.98306
1.98219
1.98133
1.98033
1.97965
1.9789
1.97895
1.97914
1.97986
1.97883
1.97801
1.97736
1.97797
1.97824
1.97733
1.9782
1.97913
1.9806
1.97974
1.97975
1.97938
1.98192
1.98226
1.98288
1.98349
1.98302
1.98276
1.98218
1.98318
1.98192
1.98155
1.9818
1.98216
1.9809
1.98007
1.97877
1.98118
1.98079
1.98026
1.98114
1.98331
1.9837
1.98299
1.98208
1.98081
1.98168
1.98209
1.98215
1.9817
1.98131
1.98069
1.98024
1.98112
1.98042
1.98067
1.98388
1.98316
1.98183
1.98099
1.97983
1.97891
1.9779
1.97863
1.97892
1.97786
1.97744
1.97705
1.976
1.97705
1.9769
1.97637
1.97568
1.97666
1.97579
1.97642
1.97612
1.97558
1.97548
1.97531
1.97489
1.97386
1.97495
1.97454
1.97393
1.97386
1.97413
1.97341
1.9734
1.97297
1.97172
1.97076
1.97079
1.96983
1.96996
1.9713
1.9712
1.9711
1.97178
1.97227
1.97206
1.97265
1.97259
1.97214
1.97093
1.97142
1.97064
1.97085
1.97046
1.97171
1.97081
1.97323
1.97358
1.97639
1.97664
1.97743
1.97618
1.97608
1.97747
1.97617
1.97519
1.97584
1.97469
1.97376
1.97456
1.97454
1.97342
1.97353
1.9733
1.97299
1.97468
1.97631
1.9791
1.98215
1.98161
1.98103
1.9822
1.98104
1.98064
1.9799
1.97883
1.97764
1.98131
1.98572
1.98545
1.98478
1.98386
1.98384
1.98379
1.98298
1.98241
1.98243
1.98193
1.98222
1.98321
1.98319
1.98634
1.98655
1.98609
1.99011
1.98959
1.98888
1.98843
1.98764
1.98886
1.98826
1.9885
1.98794
1.98689
1.98596
1.99043
1.98985
1.98922
1.991
1.99049
1.9904
1.99148
1.9935
1.99364
1.99346
1.99351
1.99275
1.9962
1.99642
1.99573
1.99546
1.99453
1.99615
1.99591
1.99522
1.99385
1.99379
1.99294
1.99287
1.99188
1.99116
1.99067
1.99096
1.99123
1.99271
1.99304
1.99358
1.99242
1.99221
1.99115
1.99103
1.9919
1.99272
1.99313
1.99359
1.99315
1.99241
1.99346
1.99393
1.99603
1.99547
1.99592
1.99621
1.99568
1.99521
1.99468
1.99415
1.99329
1.99345
1.99407
1.99589
1.9959
1.99571
1.99959
1.99959
1.99861
1.99786
2.00067
2.00165
2.0012
2.00298
2.00359
2.00236
2.00328
2.00322
2.00544
2.00774
2.00715
2.01088
2.00958
2.00929
2.00857
2.00735
2.0085
2.00904
2.00934
2.00893
2.00964
2.01278
2.01204
2.01249
2.01179
2.01238
2.01204
2.0116
2.01275
2.01237
2.01313
2.01227
2.01186
2.0106
2.01075
2.00991
2.00985
2.01122
2.01049
2.01101
2.01038
2.01057
2.01206
2.0124
2.01187
2.01094
2.01012
2.01052
2.01097
2.01091
2.01041
2.00935
2.0108
2.01099
2.01039
2.01072
2.01132
2.01082
2.01055
2.00963
2.0093
2.00905
2.0107
2.01561
2.01519
2.01421
2.01409
2.01299
2.01398
2.01836
2.01713
2.01606
2.01501
2.01448
2.01345
2.01429
2.01475
2.01431
2.01356
2.01491
2.01426
2.01313
2.01282
2.01208
2.01114
2.01293
2.01201
2.01306
2.013
2.01338
2.01363
2.01543
2.01574
2.01691
2.01743
2.01668
2.01684
2.01596
2.01702
2.01719
2.01634
2.01609
2.01613
2.01606
2.01569
2.01457
2.01441
2.01339
2.01296
2.01331
2.01379
2.01331
2.014
2.01354
2.0136
2.01292
2.0168
2.01562
2.01681
2.01746
2.01972
2.01962
2.02001
2.01919
2.01813
2.01734
2.01647
2.01864
2.01782
2.01859
2.01793
2.01753
2.01714
2.01672
2.01701
2.0181
2.01705
2.0166
2.01594
2.01576
2.01601
2.01668
2.01555
2.0152
2.01546
2.01551
2.0159
2.01663
2.01802
2.02193
2.02193
2.02297
2.02298
2.02336
2.02452
2.02795
2.02814
2.02934
2.02929
2.02907
2.02944
2.02915
2.02863
2.02842
2.02995
2.02968
2.02918
2.0293
2.02879
2.03018
2.02959
2.03044
2.02921
2.02948
2.03078
2.03109
2.03097
2.03138
2.03267
2.03322
2.03228
2.03198
2.03179
2.03145
2.03091
2.0309
2.03021
2.0316
2.03205
2.03214
2.03219
2.03141
2.03044
2.02977
2.02998
2.02936
2.02945
2.03008
2.03036
2.0313
2.03099
2.03162
2.03443
2.03424
2.03309
2.03256
2.03188
2.03143
2.03009
2.02943
2.03053
2.0294
2.02916
2.02874
2.02948
2.03252
2.03307
2.03222
2.03444
2.03401
2.0343
2.03548
2.03535
2.03516
2.03574
2.03684
2.03552
2.03583
2.03682
2.03546
2.03445
2.03371
2.03457
2.03378
2.0334
2.03348
2.0323
2.03225
2.03315
2.03187
2.03258
2.03192
2.03382
2.03319
2.03349
2.03329
2.033
2.032
2.03462
2.03486
2.03493
2.03369
2.03282
2.03373
2.03362
2.0327
2.03345
2.03395
2.0329
2.03213
2.03166
2.03304
2.03555
2.03523
2.03524
2.03595
2.03518
2.03442
2.03368
2.03252
2.03355
2.03327
2.03358
2.03355
2.03505
2.03458
2.03376
2.0338
2.03312
2.03322
2.03472
2.03582
2.0358
2.03525
2.03632
2.03603
2.035
2.03378
2.03508
2.03454
2.03433
2.03377
2.03375
2.03256
2.03532
2.03435
2.0354
2.03586
2.03672
2.03703
2.03721
2.03642
2.03584
2.03724
2.03693
2.0374
2.03845
2.03872
2.03782
2.03795
2.04007
2.03991
2.03999
2.0393
2.03821
2.03897
2.0384
2.04051
2.03942
2.03881
2.04054
2.04016
2.04213
2.04407
2.04385
2.04441
2.04581
2.04547
2.04512
2.04634
2.04549
2.0459
2.04497
2.04467
2.04437
2.04444
2.04393
2.04313
2.04203
2.04116
2.04192
2.0409
2.03992
2.03894
2.03977
2.03922
2.03892
2.03799
2.03786
2.03904
2.03785
2.03714
2.0374
2.03722
2.03646
2.03614
2.03487
2.03493
2.03415
2.03394
2.0343
2.03368
2.03305
2.034
2.03368
2.03377
2.03302
2.03351
2.03273
2.03467
2.03404
2.03594
2.03507
2.03529
2.03705
2.03633
2.03534
2.03885
2.03895
2.03823
2.03729
2.03615
2.03513
2.03413
2.03298
2.03241
2.03179
2.03117
2.03065
2.03015
2.03028
2.02982
2.02986
2.02919
2.02891
2.02883
2.02909
2.028
2.02741
2.0276
2.02634
2.02655
2.02919
2.02817
2.0272
2.0274
2.02648
2.02616
2.02833
2.02831
2.0275
2.02756
2.02802
2.03036
2.02968
2.02993
2.02943
2.02913
2.02932
2.02925
2.02892
2.02795
2.02727
2.0263
2.02623
2.02854
2.02861
2.02952
2.03263
2.03172
2.0307
2.0306
2.02945
2.02864
2.02775
2.0278
2.02713
2.02703
2.02694
2.02722
2.02656
2.02581
2.02574
2.02805
2.02808
2.02721
2.02791
2.02738
2.0273
2.02868
2.02855
2.02837
2.02813
2.02725
2.02721
2.02791
2.02981
2.02973
2.02993
2.03033
2.03041
2.02992
2.02943
2.02859
2.02841
2.02995
2.02968
2.02972
2.02911
2.02843
2.02788
2.02784
2.02994
2.02943
2.0295
2.02829
2.02743
2.02618
2.02574
2.02645
2.02936
2.03129
2.0313
2.03101
2.03078
2.03064
2.03293
2.03246
2.03362
2.03374
2.03427
2.03375
2.03302
2.03213
2.03477
2.03477
2.03443
2.03452
2.03374
2.03295
2.03429
2.03408
2.03565
2.03487
2.03377
2.03458
2.0361
2.03602
2.03676
2.04142
2.04051
2.03978
2.03966
2.03946
2.03944
2.0387
2.03968
2.03968
2.04057
2.04104
2.04215
2.04207
2.04211
2.04159
2.04312
2.04268
2.04254
2.04319
2.04341
2.04374
2.04352
2.04385
2.04394
2.04327
2.04323
2.04252
2.04188
2.04211
2.04255
2.04224
2.04287
2.04285
2.04285
2.04337
2.04319
2.04352
2.04279
2.04229
2.04467
2.04668
2.04556
2.04667
2.04695
2.04791
2.04711
2.04734
2.04708
2.04647
2.04973
2.05007
2.05026
2.05086
2.05132
2.05041
2.05043
2.04953
2.04865
2.0491
2.04866
2.04804
2.04723
2.04681
2.04614
2.04561
2.04535
2.046
2.04605
2.04536
2.04667
2.04589
2.047
2.04668
2.04564
2.04515
2.04571
2.04464
2.04356
2.04662
2.04587
2.04743
2.04892
2.04946
2.05141
2.05063
2.05247
2.05319
2.05235
2.05239
2.05239
2.0517
2.05159
2.05077
2.05046
2.04969
2.04944
2.04861
2.04872
2.04836
2.04782
2.04704
2.04602
2.04625
2.04522
2.04525
2.04522
2.04576
2.04855
2.0475
2.04655
2.04698
2.04651
2.04549
2.04667
2.04622
2.04591
2.04591
2.0455
2.04458
2.04387
2.0448
2.04566
2.0456
2.04554
2.04687
2.04771
2.04721
2.05025
2.04955
2.04876
2.05009
2.05056
2.05116
2.05035
2.05035
2.0494
2.04948
2.04926
2.04929
2.04871
2.05141
2.05103
2.05095
2.05017
2.04973
2.04898
2.04876
2.04771
2.04819
2.04748
2.04716
2.04708
2.04682
2.04709
2.04767
2.04744
2.04882
2.04891
2.04834
2.04757
2.04762
2.04822
2.04831
2.04845
2.0484
2.04839
2.04789
2.04691
2.0469
2.04653
2.04856
2.04762
2.04789
2.04844
2.04871
2.04784
2.04812
2.04734
2.04818
2.04863
2.0498
2.04922
2.04958
2.04911
2.0513
2.0504
2.05088
2.05032
2.04975
2.05001
2.04996
2.04925
2.04951
2.0487
2.0489
2.04911
2.04834
2.04753
2.04723
2.04776
2.0472
2.04738
2.04674
2.04614
2.04541
2.04641
2.04667
2.04611
2.04516
2.04536
2.04624
2.04593
2.04652
2.04667
2.04584
2.0453
2.04514
2.04633
2.04569
2.04508
2.04457
2.04431
2.04383
2.04294
2.04256
2.04199
2.04135
2.04185
2.041
2.04151
2.0412
2.04063
2.04031
2.03948
2.03862
2.03833
2.03812
2.03781
2.0372
2.03738
2.03704
2.038
2.03746
2.03643
2.03628
2.03582
2.03689
2.03596
2.03619
2.03529
2.03485
2.03466
2.0354
2.03456
2.03456
2.03555
2.03556
2.03596
2.03503
2.03366
2.03338
2.03229
2.03178
2.03462
2.03422
2.03425
2.03377
2.03355
2.03498
2.03439
2.03493
2.03487
2.03403
2.03366
2.03305
2.03229
2.0329
2.03221
2.03178
2.03159
2.03219
2.03305
2.03384
2.0336
2.03292
2.03192
2.03227
2.03371
2.03312
2.0323
2.03164
2.03305
2.03258
2.03425
2.03348
2.03343
2.03354
2.03684
2.03696
2.03595
2.03684
2.03587
2.03544
2.03564
2.03745
2.03817
2.03813
2.03738
2.03696
2.03658
2.03575
2.0358
2.03483
2.03685
2.03688
2.03629
2.03607
2.03635
2.03631
2.03587
2.03547
2.03545
2.03515
2.03532
2.03527
2.03467
2.03457
2.03505
2.03438
2.03405
2.03379
2.03317
2.03227
2.03192
2.03137
2.03168
2.03248
2.03198
2.03223
2.03219
2.03197
2.03115
2.03063
2.03081
2.02984
2.02938
2.02912
2.02908
2.03007
2.03097
2.03102
2.03026
2.03007
2.03007
2.0298
2.03017
2.02916
2.02833
2.03101
2.03028
2.03014
2.03185
2.03354
2.03592
2.03518
2.03554
2.03495
2.03539
2.03643
2.03624
2.03649
2.03576
2.03616
2.03798
2.03744
2.0379
2.03944
2.03844
2.0382
2.03749
2.03727
2.0364
2.03555
2.0347
2.03442
2.03368
2.03263
2.03175
2.03149
2.03132
2.03131
2.03082
2.03242
2.03176
2.03225
2.03202
2.03172
2.03143
2.03082
2.03021
2.03071
2.02984
2.02927
2.0285
2.02827
2.02791
2.02775
2.02811
2.02914
2.0297
2.02926
2.03037
2.03016
2.03009
2.02975
2.02942
2.02866
2.02948
2.02922
2.02838
2.0287
2.0284
2.02893
2.02822
2.02831
2.02787
2.02793
2.02694
2.02715
2.02749
2.02848
2.0284
2.0274
2.02651
2.0257
2.02568
2.02628
2.02574
2.02527
2.02613
2.02561
2.02516
2.02472
2.02366
2.02313
2.02356
2.02364
2.02308
2.02315
2.02221
2.0234
2.02292
2.02263
2.02216
2.02307
2.02282
2.02275
2.02263
2.02245
2.02282
2.02174
2.0225
2.02266
2.02267
2.02238
2.02196
2.0213
2.02163
2.02232
2.02137
2.02026
2.02195
2.02171
2.02213
2.02208
2.02218
2.02129
2.02167
2.0213
2.02077
2.02081
2.02018
2.02014
2.02154
2.02101
2.02147
2.02158
2.02172
2.02196
2.02353
2.02326
2.02566
2.0254
2.0251
2.02433
2.02346
2.0228
2.02216
2.02149
2.02119
2.02161
2.02134
2.02036
2.01937
2.02059
2.02356
2.02382
2.0234
2.02534
2.0256
2.02656
2.02604
2.02659
2.02654
2.02693
2.02824
2.02796
2.02742
2.02661
2.02842
2.03227
2.03184
2.03113
2.03127
2.03108
2.03052
2.03033
2.02975
2.02901
2.03079
2.03035
2.03048
2.03069
2.03082
2.02985
2.02992
2.03056
2.03022
2.0304
2.02996
2.02956
2.02927
2.02978
2.0297
2.02982
2.02919
2.02945
2.02866
2.02782
2.0276
2.02744
2.02773
2.02757
2.0285
2.02841
2.02887
2.02804
2.02819
2.02807
2.02728
2.02625
2.02561
2.02553
2.02529
2.02541
2.02503
2.02592
2.02584
2.02639
2.02792
2.02789
2.02771
2.02703
2.02652
2.0254
2.02714
2.02691
2.02702
2.02722
2.02752
2.02703
2.02716
2.02624
2.02595
2.02594
2.02784
2.02765
2.03078
2.03125
2.03312
2.03344
2.03344
2.03263
2.03298
2.0326
2.03308
2.03242
2.03324
2.03363
2.03313
2.03335
2.03342
2.03255
2.03262
2.03506
2.03431
2.03482
2.03441
2.03527
2.03498
2.0346
2.03393
2.03364
2.03352
2.03388
2.03402
2.03332
2.03519
2.03691
2.03603
2.03527
2.03574
2.03637
2.03622
2.03544
2.03499
2.03528
2.03436
2.03453
2.0372
2.03698
2.03629
2.03621
2.03663
2.03617
2.0355
2.03657
2.03579
2.03526
2.03453
2.03611
2.03506
2.03504
2.03466
2.03566
2.03562
2.03556
2.03599
2.03526
2.03484
2.03415
2.03485
2.03463
2.03505
2.03541
2.03536
2.03609
2.03524
2.03579
2.0357
2.03518
2.03531
2.03493
2.03491
2.03581
2.03618
2.03619
2.03561
2.0352
2.03459
2.03517
2.03567
2.03519
2.03468
2.03382
2.03453
2.03505
2.03488
2.03682
2.03689
2.03593
2.03645
2.03573
2.03581
2.03518
2.03685
2.03634
2.03657
2.03804
2.03788
2.03971
2.03899
2.03821
2.03746
2.03722
2.03926
2.0388
2.03836
2.03832
2.03767
2.03735
2.03667
2.03585
2.03644
2.03753
2.0375
2.03711
2.03698
2.03686
2.03796
2.03819
2.03875
2.0377
2.03698
2.03668
2.03573
2.03466
2.03487
2.03501
2.03415
2.0336
2.03373
2.03405
2.03313
2.03243
2.03194
2.03109
2.03098
2.03061
2.03088
2.03076
2.03132
2.03081
2.03167
2.0309
2.03056
2.02968
2.0313
2.0318
2.03288
2.03225
2.03138
2.03421
2.03349
2.03298
2.03346
2.03295
2.03282
2.03242
2.0334
2.03373
2.0338
2.03512
2.03566
2.0362
2.03707
2.037
2.0363
2.03617
2.0351
2.03454
2.03416
2.03323
2.03216
2.0315
2.03178
2.03229
2.03175
2.03061
2.03032
2.02993
2.0319
2.03213
2.03139
2.03113
2.03118
2.03058
2.03086
2.03083
2.03195
2.03432
2.03347
2.03304
2.03225
2.03275
2.03208
2.03349
2.03265
2.03391
2.03429
2.03483
2.03468
2.03487
2.03433
2.03394
2.03325
2.03224
2.03211
2.03431
2.03453
2.03415
2.03334
2.03433
2.03344
2.03289
2.03315
2.03246
2.03359
2.034
2.03455
2.03524
2.03578
2.03628
2.03575
2.0354
2.03661
2.03606
2.03725
2.03665
2.03578
2.03502
2.03469
2.03419
2.03329
2.0326
2.03227
2.03235
2.0319
2.03107
2.03057
2.0315
2.03175
2.03202
2.03199
2.03139
2.03112
2.03045
2.03161
2.03075
2.02993
2.02977
2.03282
2.03355
2.03273
2.0325
2.0328
2.03271
2.03376
2.03359
2.03334
2.03297
2.03245
2.03312
2.03253
2.03208
2.03358
2.03495
2.03468
2.034
2.03414
2.03704
2.03675
2.03622
2.03555
2.03515
2.0344
2.03429
2.03439
2.03424
2.03581
2.03514
2.03442
2.03361
2.03422
2.03482
2.03526
2.03507
2.03413
2.03339
2.0332
2.03249
2.03176
2.03232
2.03201
2.03163
2.03082
2.03028
2.03006
2.03086
2.03151
2.03155
2.03096
2.03072
2.03009
2.02948
2.0287
2.0279
2.02763
2.02709
2.02658
2.0263
2.02556
2.02528
2.02447
2.02446
2.02417
2.02359
2.02319
2.02439
2.02487
2.0256
2.02472
2.02401
2.02332
2.02321
2.02251
2.02368
2.02376
2.02508
2.02508
2.02478
2.02429
2.02391
2.02312
2.02395
2.02337
2.02305
2.02241
2.0222
2.0221
2.0214
2.02152
2.02183
2.02134
2.02048
2.02078
2.02153
2.02059
2.02068
2.02054
2.01977
2.01965
2.01915
2.01848
2.02084
2.02065
2.01999
2.0197
2.01893
2.01918
2.01881
2.01838
2.01821
2.01832
2.01855
2.01776
2.01809
2.01752
2.0194
2.01875
2.01923
2.01869
2.01807
2.01718
2.01819
2.01834
2.01843
2.01944
2.01881
2.01954
2.01885
2.01832
2.02045
2.02251
2.02278
2.02388
2.02311
2.02402
2.02455
2.02616
2.02642
2.02693
2.02713
2.02603
2.02522
2.0243
2.02406
2.02322
2.02382
2.02418
2.02357
2.02353
2.02279
2.02394
2.02352
2.02374
2.0239
2.02319
2.02468
2.02384
2.024
2.02397
2.02329
2.02246
2.02246
2.02195
2.02203
2.02162
2.02112
2.0214
2.02121
2.02083
2.02018
2.02272
2.02365
2.02347
2.0245
2.02482
2.02525
2.02466
2.02562
2.02502
2.0254
2.02611
2.0268
2.02676
2.027
2.02661
2.02614
2.02621
2.02559
2.02516
2.02691
2.02673
2.02678
2.02657
2.02629
2.02589
2.0253
2.02624
2.02578
2.02632
2.02633
2.02632
2.02569
2.02593
2.02622
2.02616
2.02558
2.02522
2.02748
2.0274
2.02667
2.02721
2.02663
2.02643
2.02694
2.02686
2.02827
2.02804
2.02751
2.02728
2.0276
2.02713
2.02852
2.02864
2.02804
2.02755
2.02709
2.02661
2.02663
2.02661
2.02608
2.0279
2.02746
2.02708
2.02858
2.02851
2.02797
2.02761
2.02755
2.0267
2.02607
2.02591
2.02507
2.02496
2.02452
2.02367
2.02283
2.02205
2.0214
2.02109
2.02155
2.0227
2.02169
2.02169
2.02187
2.02117
2.02129
2.02231
2.02354
2.0263
2.02895
2.02893
2.02837
2.02801
2.02737
2.02679
2.02709
2.02672
2.02662
2.02616
2.02556
2.02557
2.02655
2.02691
2.02772
2.02725
2.02664
2.02635
2.02568
2.02539
2.02647
2.0259
2.02571
2.02575
2.02554
2.02489
2.02523
2.02564
2.0249
2.02438
2.02476
2.02629
2.02586
2.02567
2.02483
2.02447
2.02456
2.02437
2.02623
2.02588
2.02621
2.02766
2.027
2.02628
2.02629
2.02777
2.02945
2.02951
2.03093
2.03018
2.03047
2.03087
2.03036
2.02991
2.02916
2.02834
2.02782
2.02876
2.02837
2.02893
2.03111
2.03054
2.03038
2.02965
2.02965
2.02918
2.0299
2.03032
2.03015
2.02911
2.03018
2.02978
2.02955
2.02878
2.0284
2.02828
2.02866
2.02869
2.02823
2.02773
2.02697
2.02658
2.02674
2.02588
2.02606
2.02582
2.02515
2.0253
2.02617
2.0264
2.02965
2.03032
2.02988
2.02938
2.02923
2.02946
2.02889
2.02958
2.0292
2.02895
2.02834
2.03016
2.02984
2.02965
2.02891
2.02871
2.02837
2.0277
2.02745
2.02652
2.02698
2.02696
2.02894
2.02823
2.02861
2.02881
2.02967
2.02902
2.03218
2.03291
2.0325
2.03261
2.0323
2.03233
2.03238
2.03215
2.03136
2.03179
2.03123
2.03098
2.03169
2.03218
2.03165
2.03096
2.03053
2.03092
2.03026
2.0293
2.02924
2.02915
2.02942
2.0292
2.0282
2.0275
2.02726
2.02693
2.02833
2.02919
2.02911
2.02875
2.02881
2.0284
2.02914
2.02947
2.02888
2.02964
2.02947
2.02887
2.02839
2.02831
2.0276
2.02842
2.02849
2.02858
2.02796
2.02803
2.02754
2.0271
2.02661
2.0259
2.02602
2.02554
2.02476
2.02452
2.02384
2.02373
2.0234
2.02383
2.02407
2.02412
2.02405
2.02342
2.02255
2.02291
2.02302
2.02416
2.02366
2.0254
2.02548
2.0254
2.02671
2.02792
2.02741
2.02658
2.02611
2.02765
2.0275
2.02718
2.02711
2.02661
2.02635
2.02596
2.02615
2.0253
2.02443
2.02496
2.02467
2.02528
2.02519
2.02449
2.02384
2.02315
2.02357
2.0233
2.023
2.02276
2.022
2.0232
2.02247
2.02319
2.02383
2.02502
2.02473
2.02454
2.02471
2.02466
2.02381
2.02398
2.02449
2.02485
2.02391
2.0239
2.02426
2.02382
2.02319
2.0233
2.02288
2.02182
2.02228
2.02221
2.02256
2.02326
2.02271
2.02318
2.02343
2.02298
2.02263
2.02216
2.02146
2.02088
2.02068
2.02052
2.02088
2.02173
2.02109
2.02113
2.02104
2.02062
2.01979
2.01943
2.0189
2.01958
2.01916
2.0193
2.01867
2.0194
2.01918
2.02144
2.02143
2.02123
2.02105
2.02174
2.022
2.02143
2.0222
2.02173
2.0217
2.02113
2.02063
2.02072
2.02156
2.02068
2.02164
2.02233
2.02259
2.022
2.02126
2.02094
2.02033
2.02134
2.0207
2.02043
2.02028
2.02037
2.02
2.01928
2.02046
2.02045
2.02134
2.02095
2.02066
2.02041
2.01983
2.01924
2.0191
2.01836
2.01896
2.01933
2.01908
2.01856
2.01818
2.0177
2.01848
2.01931
2.01928
2.01843
2.0185
2.01874
2.01811
2.01743
2.01682
2.01869
2.01892
2.01879
2.01875
2.02016
2.0198
2.02008
2.01942
2.01942
2.0187
2.02025
2.02188
2.02125
2.02154
2.02078
2.02006
2.02128
2.02042
2.02024
2.01989
2.02067
2.02049
2.02038
2.01991
2.01962
2.01935
2.0186
2.0178
2.01866
2.01798
2.01853
2.02009
2.02048
2.02005
2.02011
2.02076
2.02346
2.02471
2.02416
2.02358
2.02388
2.02559
2.02533
2.02506
2.02608
2.02617
2.0261
2.02531
2.025
2.02459
2.02397
2.02616
2.02582
2.02551
2.02491
2.02432
2.02381
2.02328
2.02282
2.02275
2.02261
2.02334
2.02282
2.02299
2.02253
2.02261
2.02238
2.02171
2.02099
2.02028
2.02049
2.02072
2.02071
2.02025
2.02076
2.02092
2.02052
2.02055
2.02004
2.02036
2.01995
2.02088
2.02086
2.02005
2.02109
2.02063
2.02112
2.02105
2.02217
2.02184
2.0213
2.02072
2.02177
2.0219
2.02494
2.02428
2.02411
2.02515
2.02477
2.0244
2.02413
2.02373
2.02378
2.02334
2.02295
2.02246
2.02173
2.02154
2.0219
2.02183
2.02108
2.02059
2.02117
2.02106
2.02077
2.02011
2.01947
2.01983
2.01931
2.01917
2.02021
2.02016
2.01999
2.02028
2.02035
2.01985
2.01945
2.01871
2.0183
2.01884
2.0178
2.01737
2.01673
2.01709
2.0183
2.0185
2.01799
2.01803
2.01857
2.01894
2.01853
2.01902
2.01888
2.01833
2.02119
2.02045
2.02111
2.02086
2.02038
2.0202
2.0199
2.01918
2.02076
2.02068
2.01983
2.01979
2.01897
2.01896
2.01866
2.01867
2.01834
2.01806
2.01936
2.0203
2.02312
2.02281
2.02334
2.02267
2.02309
2.02261
2.02266
2.02279
2.0224
2.0227
2.02229
2.02198
2.02265
2.02173
2.02097
2.02028
2.01984
2.01903
2.01895
2.02049
2.0206
2.02051
2.02078
2.02186
2.0217
2.02155
2.02099
2.0213
2.02071
2.02048
2.02008
2.01945
2.02128
2.02109
2.02087
2.02134
2.02151
2.02142
2.02087
2.02154
2.02116
2.02047
2.02067
2.02139
2.02136
2.02167
2.02225
2.02348
2.02623
2.026
2.02696
2.02689
2.0267
2.02637
2.02639
2.02625
2.0264
2.02709
2.02695
2.02792
2.02726
2.02751
2.0268
2.02742
2.02733
2.02672
2.027
2.02695
2.0264
2.02815
2.02784
2.02907
2.0283
2.02981
2.02968
2.03058
2.03073
2.03228
2.03177
2.03139
2.03094
2.03066
2.03007
2.03003
2.02956
2.03029
2.03036
2.03002
2.02918
2.02934
2.02854
2.02814
2.02758
2.02731
2.03002
2.02985
2.02991
2.02964
2.02902
2.02929
2.0289
2.02921
2.02965
2.02985
2.03109
2.03212
2.03199
2.03205
2.03169
2.032
2.0316
2.03222
2.03204
2.03264
2.03198
2.03137
2.03135
2.03126
2.03208
2.0322
2.03254
2.03281
2.0331
2.03243
2.03224
2.03165
2.03211
2.03303
2.03274
2.03255
2.03224
2.03141
2.03103
2.03079
2.0313
2.03112
2.03049
2.03006
2.03011
2.03005
2.03112
2.03079
2.03116
2.03083
2.03058
2.03012
2.02957
2.02885
2.02867
2.02884
2.02813
2.02765
2.02709
2.02669
2.02734
2.02692
2.02723
2.02788
2.02714
2.02651
2.02592
2.0267
2.02821
2.02818
2.02888
2.02866
2.02872
2.02991
2.02908
2.02842
2.02809
2.02787
2.02825
2.02796
2.02761
2.02766
2.02733
2.02675
2.0261
2.02586
2.02494
2.02654
2.0274
2.02901
2.0295
2.02863
2.02838
2.02885
2.02891
2.02876
2.02798
2.02947
2.02901
2.03067
2.02996
2.03026
2.02989
2.0299
2.02971
2.02969
2.02927
2.02914
2.0286
2.02872
2.02821
2.02806
2.02843
2.02832
2.02941
2.0299
2.02996
2.02934
2.02913
2.0304
2.03009
2.02963
2.02931
2.03076
2.03007
2.0304
2.03012
2.03003
2.02965
2.02929
2.02854
2.02797
2.03107
2.03124
2.03077
2.03049
2.03045
2.03194
2.0311
2.03125
2.03202
2.03143
2.03112
2.03137
2.03087
2.03116
2.03041
2.03056
2.03123
2.03149
2.0314
2.03081
2.03089
2.03056
2.03012
2.02962
2.02933
2.02918
2.02857
2.02821
2.02757
2.02745
2.02675
2.0265
2.02584
2.0252
2.02592
2.02544
2.02499
2.02546
2.02677
2.02638
2.02658
2.02759
2.02805
2.02842
2.02834
2.02863
2.02822
2.02974
2.02967
2.02891
2.02843
2.02927
2.02947
2.02889
2.02934
2.02932
2.02914
2.02872
2.02803
2.02874
2.02828
2.02772
2.02715
2.02664
2.02591
2.02628
2.02664
2.02669
2.02714
2.02731
2.02733
2.02687
2.02694
2.02758
2.02768
2.02757
2.02735
2.02723
2.02733
2.02748
2.02726
2.02658
2.02641
2.02645
2.02593
2.02523
2.0264
2.02732
2.02668
2.02686
2.0263
2.02573
2.02593
2.02536
2.02472
2.02602
2.02573
2.02524
2.02533
2.02614
2.02652
2.02746
2.02664
2.02648
2.0261
2.02585
2.02764
2.02749
2.02725
2.02664
2.02643
2.02629
2.02587
2.02549
2.02892
2.02856
2.02786
2.02842
2.02904
2.02869
2.02951
2.02983
2.02912
2.02962
2.03001
2.02917
2.02871
2.02869
2.02826
2.02785
2.02809
2.02808
2.02799
2.02737
2.02657
2.02632
2.02669
2.02595
2.02562
2.02511
2.02457
2.02401
2.02319
2.02435
2.02427
2.02379
2.02298
2.02237
2.02197
2.02145
2.02318
2.02394
2.02426
2.02352
2.0238
2.02437
2.0238
2.02367
2.02301
2.02269
2.02297
2.02237
2.022
2.02524
2.02508
2.02505
2.02464
2.02414
2.02334
2.0233
2.02295
2.02242
2.02313
2.02245
2.02201
2.02152
2.02103
2.02152
2.02168
2.02137
2.02112
2.02163
2.02113
2.0213
2.02177
2.0213
2.02145
2.02109
2.0213
2.02147
2.02377
2.02329
2.02315
2.02374
2.02305
2.02309
2.02381
2.02407
2.02534
2.02538
2.02537
2.02559
2.02542
2.0259
2.02548
2.02552
2.02485
2.02511
2.02451
2.02519
2.02477
2.02428
2.02433
2.02439
2.02389
2.0241
2.02478
2.0243
2.02466
2.02455
2.02471
2.0253
2.02477
2.02437
2.02423
2.02414
2.02561
2.02817
2.02788
2.02743
2.02745
2.02707
2.02798
2.02784
2.02741
2.02682
2.02721
2.028
2.02826
2.0275
2.02691
2.02778
2.02719
2.02755
2.02706
2.02856
2.03175
2.03505
2.03682
2.03634
2.03609
2.03615
2.03754
2.03683
2.03621
2.03783
2.03796
2.03737
2.0394
2.03946
2.03945
2.03894
2.03955
2.03987
2.03995
2.03934
2.03998
2.0395
2.03895
2.03859
2.03805
2.03856
2.03895
2.03895
2.03894
2.03874
2.03889
2.03822
2.03815
2.04034
2.04049
2.04017
2.03961
2.04009
2.03967
2.03934
2.03895
2.03879
2.03927
2.03896
2.03948
2.03986
2.03936
2.03903
2.03903
2.03925
2.03958
2.03916
2.03889
2.03834
2.03814
2.03765
2.03761
2.03826
2.0377
2.03703
2.03677
2.03623
2.03592
2.03619
2.03701
2.03738
2.03751
2.03761
2.0375
2.0372
2.03653
2.03752
2.03712
2.0366
2.03749
2.03805
2.03897
2.03836
2.03791
2.03821
2.03781
2.03995
2.03978
2.04144
2.04104
2.04081
2.04102
2.04141
2.04114
2.04105
2.04094
2.04204
2.04178
2.04163
2.04327
2.04396
2.04392
2.04354
2.04332
2.04289
2.04219
2.04172
2.04191
2.04233
2.04243
2.0418
2.04299
2.04292
2.04231
2.04287
2.04312
2.04318
2.04413
2.04372
2.04391
2.04319
2.0428
2.04241
2.04228
2.04179
2.04137
2.04099
2.0403
2.04018
2.03967
2.03926
2.03919
2.0405
2.04066
2.04058
2.03986
2.04036
2.03987
2.0405
2.04376
2.044
2.04619
2.04559
2.04543
2.04501
2.04543
2.04464
2.04493
2.04446
2.04513
2.046
2.04632
2.04642
2.04658
2.04704
2.0471
2.04692
2.0468
2.04664
2.04699
2.04679
2.04704
2.04681
2.04626
2.04609
2.04698
2.04667
2.04601
2.04549
2.0448
2.04433
2.04499
2.04588
2.04589
2.04545
2.04511
2.04454
2.04632
2.04628
2.04555
2.04494
2.04605
2.04583
2.04572
2.04514
2.04463
2.04489
2.04484
2.04681
2.04662
2.04682
2.04631
2.0467
2.04661
2.04646
2.04733
2.04676
2.0465
2.04621
2.0456
2.04537
2.0463
2.04574
2.04562
2.04527
2.04485
2.04522
2.04473
2.0451
2.0446
2.0441
2.04362
2.0448
2.04553
2.04485
2.04849
2.04796
2.05022
2.05069
2.05089
2.05082
2.05086
2.0505
2.05076
2.05032
2.05086
2.05086
2.05096
2.05098
2.05148
2.05233
2.05233
2.05154
2.05226
2.05217
2.052
2.0516
2.05127
2.05137
2.05198
2.0513
2.05065
2.05068
2.05073
2.05118
2.05072
2.05097
2.05151
2.05172
2.0514
2.05076
2.05104
2.05105
2.05088
2.05123
2.05096
2.05105
2.05065
2.05124
2.05103
2.05054
2.05006
2.0516
2.05223
2.05191
2.05176
2.05113
2.05051
2.0516
2.05113
2.05078
2.05225
2.05239
2.05285
2.05225
2.05282
2.05233
2.05243
2.0531
2.05344
2.05318
2.05334
2.05308
2.05242
2.05216
2.05392
2.05446
2.05556
2.05623
2.05572
2.05524
2.05518
2.05565
2.05509
2.05478
2.05425
2.0537
2.05344
2.05322
2.0524
2.05357
2.05308
2.05279
2.05225
2.05229
2.05187
2.05106
2.05038
2.05033
2.04986
2.05017
2.05014
2.05048
2.05034
2.05081
2.0511
2.0511
2.0517
2.05194
2.05167
2.05188
2.05138
2.0519
2.05138
2.05212
2.05188
2.05122
2.05058
2.05189
2.05133
2.0521
2.05191
2.05149
2.05201
2.05213
2.05175
2.05228
2.05174
2.05291
2.05298
2.05307
2.05261
2.05222
2.0525
2.05366
2.05298
2.05263
2.05226
2.05202
2.05272
2.05194
2.05186
2.05158
2.05128
2.0506
2.05154
2.05117
2.0505
2.05208
2.05155
2.05179
2.05172
2.05513
2.05524
2.05468
2.05409
2.05391
2.05339
2.05276
2.05331
2.05315
2.05287
2.05271
2.05245
2.05363
2.05393
2.05403
2.05427
2.05362
2.05333
2.05459
2.05543
2.05489
2.0562
2.05631
2.05679
2.05618
2.05571
2.05762
2.05743
2.05697
2.05753
2.05692
2.05751
2.05717
2.05823
2.05816
2.05774
2.05738
2.05746
2.05758
2.05749
2.05724
2.05652
2.05629
2.05709
2.05821
2.05798
2.05828
2.05773
2.05779
2.05885
2.05876
2.05907
2.05943
2.05955
2.05967
2.05931
2.05931
2.05976
2.0593
2.05895
2.05849
2.05786
2.05716
2.05654
2.05673
2.05621
2.05627
2.05611
2.05562
2.05517
2.0557
2.055
2.05443
2.0544
2.05423
2.05364
2.05354
2.05359
2.05308
2.05375
2.05396
2.05337
2.05359
2.05424
2.0542
2.05451
2.05429
2.054
2.05392
2.0533
2.05271
2.05336
2.05272
2.05271
2.05268
2.05425
2.05382
2.05338
2.05289
2.05444
2.05417
2.05349
2.05288
2.05222
2.05188
2.05175
2.05113
2.05039
2.05125
2.052
2.05208
2.05178
2.05138
2.05071
2.05191
2.05129
2.05068
2.04999
2.04934
2.04869
2.04862
2.04877
2.04864
2.04809
2.04829
2.0489
2.04857
2.04944
2.04902
2.04898
2.04889
2.04966
2.0494
2.04981
2.04941
2.04881
2.04846
2.04871
2.04884
2.04918
2.04929
2.04848
2.049
2.04861
2.04918
2.04969
2.04891
2.04909
2.0493
2.05023
2.04976
2.04899
2.04847
2.04789
2.0481
2.0477
2.04804
2.04734
2.04767
2.04706
2.04702
2.04764
2.04858
2.0484
2.04973
2.04913
2.04919
2.04879
2.0482
2.04796
2.04765
2.04903
2.04856
2.04863
2.04822
2.04786
2.04721
2.04711
2.04709
2.04787
2.04772
2.04695
2.04703
2.04701
2.04666
2.04637
2.04582
2.04537
2.04862
2.04857
2.04821
2.04782
2.04778
2.04778
2.04761
2.04831
2.05044
2.04994
2.0497
2.04983
2.04911
2.05023
2.05008
2.05049
2.05052
2.05092
2.05099
2.05055
2.0509
2.05037
2.05025
2.05069
2.05185
2.05108
2.05132
2.05086
2.0503
2.05113
2.05366
2.05319
2.0533
2.05278
2.05205
2.05182
2.05141
2.05085
2.05057
2.05044
2.05046
2.05034
2.0499
2.05041
2.04981
2.05029
2.05126
2.05125
2.05065
2.05061
2.05036
2.05003
2.04939
2.0496
2.04951
2.04894
2.04875
2.04819
2.04813
2.04793
2.04731
2.04758
2.04724
2.04683
2.04737
2.04733
2.04817
2.0476
2.04745
2.04789
2.04726
2.04686
2.04643
2.04591
2.04627
2.04589
2.04586
2.04645
2.0465
2.04611
2.04722
2.04643
2.04755
2.04706
2.04659
2.04593
2.04627
2.04674
2.04661
2.04765
2.0476
2.04813
2.04876
2.04818
2.04807
2.0489
2.04927
2.04959
2.04925
2.04901
2.04855
2.04851
2.04786
2.04774
2.0471
2.04688
2.04629
2.04655
2.04691
2.04734
2.04762
2.04785
2.04762
2.04806
2.04776
2.04711
2.04709
2.04679
2.0468
2.04737
2.0471
2.04689
2.04836
2.04864
2.04807
2.04879
2.0489
2.04872
2.04901
2.04883
2.04882
2.0537
2.05353
2.05321
2.05485
2.05431
2.05506
2.05435
2.05529
2.0548
2.05474
2.05437
2.05472
2.05422
2.05406
2.0536
2.05328
2.05321
2.0527
2.05255
2.05212
2.05178
2.05213
2.05148
2.05098
2.05061
2.05233
2.05214
2.05275
2.05329
2.05328
2.05267
2.05276
2.05236
2.05184
2.05309
2.05288
2.05263
2.05212
2.05149
2.05197
2.05266
2.05213
2.05206
2.05151
2.0519
2.05333
2.05301
2.05251
2.05344
2.05323
2.05306
2.05328
2.05282
2.05379
2.05309
2.05256
2.05214
2.05203
2.05132
2.05103
2.05063
2.05045
2.05015
2.04966
2.04928
2.04862
2.04902
2.04934
2.0488
2.04874
2.04824
2.04783
2.04819
2.04791
2.04812
2.04781
2.04803
2.0479
2.04827
2.04814
2.04784
2.04794
2.04738
2.04747
2.04752
2.04735
2.04698
2.04861
2.04839
2.0479
2.04787
2.04739
2.04719
2.04669
2.04609
2.04628
2.04706
2.0465
2.0462
2.04595
2.04582
2.04594
2.04515
2.04495
2.04462
2.04418
2.04429
2.04431
2.04388
2.04356
2.04293
2.04243
2.04208
2.04202
2.04142
2.04123
2.04074
2.04039
2.04004
2.03963
2.03928
2.039
2.03907
2.03868
2.03811
2.03935
2.03869
2.03883
2.03926
2.03893
2.03889
2.03854
2.03822
2.0377
2.03714
2.03674
2.038
2.03752
2.03693
2.03687
2.03637
2.03628
2.0359
2.03668
2.03758
2.03836
2.03848
2.0386
2.03928
2.03941
2.03927
2.04006
2.03984
2.04006
2.03954
2.03934
2.03918
2.03929
2.03878
2.03964
2.03971
2.0405
2.04006
2.03991
2.04003
2.04124
2.04073
2.04048
2.03982
2.03944
2.03886
2.03865
2.03809
2.03788
2.03801
2.03773
2.03745
2.038
2.03762
2.03784
2.03744
2.03928
2.03982
2.03911
2.0393
2.04018
2.04024
2.03995
2.03969
2.03947
2.03896
2.03962
2.0403
2.04076
2.0403
2.04054
2.04054
2.04105
2.04188
2.0417
2.04157
2.04097
2.0411
2.04065
2.04033
2.03972
2.03988
2.04039
2.04022
2.04096
2.04108
2.04141
2.04118
2.04257
2.04202
2.04143
2.04273
2.04258
2.04262
2.04223
2.04159
2.04143
2.04105
2.04075
2.04049
2.04052
2.04036
2.04036
2.04036
2.04031
2.04029
2.04002
2.04019
2.03982
2.03955
2.03999
2.03955
2.03906
2.03875
2.03807
2.03845
2.03833
2.03848
2.03809
2.03771
2.0379
2.03759
2.03762
2.03737
2.03711
2.03717
2.03656
2.03607
2.03567
2.0353
2.03473
2.03497
2.03436
2.0338
2.03317
2.0327
2.03276
2.03255
2.03207
2.03273
2.03254
2.03236
2.03235
2.03189
2.03148
2.03139
2.03209
2.0316
2.0314
2.03114
2.03154
2.03114
2.03094
2.03123
2.03155
2.03257
2.03206
2.03201
2.03294
2.03354
2.03345
2.03332
2.03322
2.03348
2.03316
2.03273
2.03235
2.03189
2.03131
2.03164
2.03209
2.03266
2.03241
2.03234
2.03331
2.0327
2.0324
2.03212
2.03272
2.03265
2.03353
2.03313
2.03307
2.03309
2.03318
2.03387
2.03322
2.03323
2.03365
2.03371
2.03307
2.03283
2.03289
2.03245
2.03179
2.03135
2.03096
2.03041
2.03005
2.03095
2.03083
2.03145
2.03125
2.03176
2.03217
2.03224
2.03253
2.03218
2.03154
2.03135
2.03098
2.03069
2.03086
2.03044
2.03123
2.03097
2.03093
2.03182
2.03155
2.03116
2.03047
2.0305
2.03003
2.02967
2.02937
2.02869
2.0295
2.02926
2.0295
2.02926
2.0287
2.02875
2.02889
2.02892
2.02878
2.02823
2.02816
2.02811
2.02748
2.02779
2.02782
2.02784
2.02749
2.02799
2.0281
2.02797
2.02783
2.02771
2.0275
2.02733
2.02753
2.02745
2.02743
2.02744
2.02711
2.02691
2.02642
2.02621
2.02633
2.02629
2.02586
2.02547
2.02497
2.02513
2.02525
2.02522
2.02608
2.02618
2.02591
2.02566
2.02615
2.02601
2.02642
2.02679
2.02633
2.02702
2.02712
2.02726
2.02663
2.0265
2.02678
2.02705
2.02792
2.02734
2.02729
2.02826
2.02882
2.02866
2.02884
2.0292
2.02874
2.02935
2.02911
2.02918
2.02902
2.02883
2.02869
2.02886
2.02993
2.03025
2.03
2.02932
2.02939
2.02899
2.02872
2.02872
2.02809
2.02805
2.02837
2.02909
2.0288
2.02858
2.02939
2.02953
2.03061
2.03013
2.03005
2.03024
2.03047
2.02984
2.02952
2.02931
2.02965
2.02881
2.02842
2.02785
2.02855
2.03003
2.02986
2.02953
2.02946
2.02988
2.02961
2.02918
2.02912
2.02853
2.02829
2.02787
2.02725
2.02683
2.02634
2.02712
2.02682
2.02683
2.02668
2.02685
2.02651
2.02637
2.02587
2.02548
2.02578
2.02526
2.02465
2.02435
2.02393
2.02407
2.0247
2.02449
2.02468
2.02424
2.02409
2.02411
2.02407
2.02368
2.02328
2.02445
2.02382
2.02441
2.02385
2.02326
2.02313
2.02354
2.02349
2.023
2.02241
2.02245
2.0223
2.02195
2.02138
2.02169
2.02176
2.02238
2.0231
2.02295
2.02235
2.02195
2.02168
2.02152
2.02142
2.02117
2.02092
2.0215
2.02245
2.02312
2.02275
2.02221
2.02191
2.02161
2.02159
2.02172
2.02124
2.02077
2.02048
2.02093
2.02141
2.02297
2.02263
2.02243
2.02178
2.02111
2.0204
2.01995
2.01951
2.01897
2.01915
2.01966
2.01955
2.01959
2.01915
2.01859
2.01828
2.0186
2.01815
2.01879
2.01815
2.01783
2.01741
2.01739
2.01708
2.01661
2.01616
2.01582
2.01576
2.01523
2.0147
2.01504
2.01481
2.01453
2.01727
2.01693
2.01637
2.01617
2.01599
2.01552
2.01525
2.01598
2.01626
2.01699
2.01776
2.01749
2.01691
2.01767
2.0171
2.01761
2.01772
2.0175
2.01751
2.01716
2.01651
2.01756
2.01715
2.01681
2.01644
2.01678
2.01653
2.01638
2.01604
2.0158
2.0158
2.01511
2.01474
2.01425
2.01411
2.01383
2.01444
2.01398
2.01348
2.01374
2.01345
2.01349
2.0133
2.01302
2.0131
2.01435
2.01428
2.0139
2.01375
2.01319
2.01365
2.01406
2.01372
2.01322
2.01275
2.01244
2.01184
2.01179
2.0127
2.01371
2.01506
2.01512
2.01467
2.01784
2.01738
2.01802
2.01764
2.01699
2.01705
2.01671
2.01661
2.01707
2.01701
2.01667
2.01681
2.01775
2.01788
2.01752
2.01741
2.01724
2.01716
2.01676
2.01639
2.01797
2.01798
2.01774
2.01733
2.01934
2.01872
2.01823
2.02005
2.02087
2.02105
2.02062
2.02016
2.01953
2.01892
2.01849
2.01828
2.01816
2.0189
2.01836
2.01809
2.01752
2.01849
2.01823
2.01826
2.01868
2.01845
2.01813
2.01868
2.01812
2.01787
2.01783
2.01789
2.01727
2.01667
2.01643
2.01596
2.01606
2.01578
2.01538
2.01516
2.01604
2.01559
2.01532
2.01537
2.01522
2.01472
2.01451
2.01519
2.01482
2.0143
2.01412
2.01384
2.01469
2.01428
2.01416
2.01384
2.01338
2.01349
2.01318
2.0129
2.01252
2.0123
2.01203
2.01191
2.01153
2.01198
2.01194
2.01212
2.01183
2.01132
2.01109
2.01114
2.01064
2.01051
2.0105
2.01093
2.01062
2.01083
2.01051
2.0102
2.00964
2.00951
2.00996
2.00976
2.00957
2.00913
2.0094
2.00954
2.00895
2.00835
2.00773
2.00733
2.00709
2.00706
2.00661
2.00687
2.00709
2.00668
2.00608
2.0062
2.006
2.00692
2.00697
2.00658
2.00608
2.00667
2.00618
2.00601
2.00825
2.00804
2.00749
2.00724
2.00663
2.00616
2.00639
2.00744
2.00695
2.00648
2.00684
2.00677
2.00627
2.00612
2.00629
2.00637
2.00665
2.00625
2.00572
2.00629
2.00608
2.00594
2.00563
2.0053
2.00577
2.00558
2.0053
2.00496
2.00569
2.00606
2.00553
2.00495
2.00475
2.00532
2.00501
2.0045
2.00403
2.00479
2.00469
2.00576
2.00529
2.00557
2.00525
2.00507
2.00617
2.00597
2.00579
2.00578
2.00726
2.00747
2.00753
2.00806
2.00774
2.00734
2.00694
2.00832
2.00795
2.00772
2.00751
2.00765
2.0077
2.00738
2.00702
2.00814
2.00773
2.00753
2.00714
2.00767
2.00729
2.00769
2.00719
2.00674
2.00617
2.00806
2.00756
2.00769
2.00765
2.00721
2.00655
2.00603
2.00567
2.00593
2.00619
2.00594
2.00566
2.00514
2.00581
2.00551
2.00576
2.00651
2.00598
2.00572
2.00583
2.00583
2.0053
2.00576
2.00565
2.00548
2.00539
2.00504
2.00555
2.00623
2.00678
2.00626
2.00596
2.0061
2.00681
2.00644
2.00627
2.00609
2.00578
2.00586
2.00547
2.00498
2.00456
2.00448
2.00419
2.00375
2.00441
2.0046
2.00502
2.00508
2.00466
2.00449
2.00417
2.00365
2.00405
2.00366
2.0039
2.00337
2.00405
2.00366
2.00336
2.00285
2.00377
2.00324
2.00399
2.0043
2.00525
2.00507
2.00471
2.00442
2.00668
2.00665
2.00704
2.00715
2.00805
2.00759
2.00725
2.00722
2.00696
2.00701
2.00664
2.00618
2.00606
2.00592
2.00591
2.00562
2.00546
2.00502
2.0066
2.00663
2.00634
2.00584
2.00577
2.00577
2.00525
2.00518
2.00477
2.00435
2.00445
2.00588
2.00914
2.00962
2.00917
2.00902
2.01197
2.01177
2.01306
2.01284
2.01253
2.01259
2.01225
2.01272
2.01242
2.01285
2.01276
2.01342
2.01314
2.01264
2.01271
2.01329
2.01434
2.01444
2.01419
2.01409
2.014
2.01378
2.01365
2.01326
2.01432
2.01416
2.01381
2.01376
2.01333
2.01346
2.01328
2.0131
2.01325
2.0132
2.01362
2.01317
2.01429
2.01447
2.01467
2.0151
2.01559
2.01529
2.01472
2.0143
2.01426
2.01524
2.01482
2.01499
2.0145
2.0152
2.01472
2.01469
2.01424
2.01385
2.01398
2.01409
2.01477
2.01571
2.01551
2.01505
2.01469
2.01413
2.01411
2.01422
2.01386
2.01455
2.01456
2.01416
2.0138
2.01354
2.01293
2.01252
2.01199
2.01165
2.01138
2.012
2.01173
2.01144
2.01082
2.01025
2.00974
2.01188
2.01201
2.01164
2.01107
2.01285
2.01229
2.01185
2.01327
2.01323
2.01303
2.01404
2.01376
2.01395
2.01335
2.01299
2.01288
2.01243
2.01252
2.01242
2.01198
2.01163
2.01176
2.01121
2.01194
2.01244
2.01189
2.01158
2.01169
2.01134
2.01162
2.01205
2.0122
2.01225
2.01285
2.01236
2.01225
2.01167
2.01204
2.01206
2.0124
2.01196
2.01259
2.01299
2.01252
2.01221
2.0115
2.01353
2.01344
2.01304
2.01282
2.01235
2.01223
2.01231
2.01184
2.0115
2.01169
2.0112
2.01094
2.01061
2.0106
2.01026
2.0098
2.00969
2.0105
2.01024
2.0112
2.01208
2.01211
2.01157
2.01114
2.01084
2.01045
2.00991
2.00947
2.00962
2.00946
2.00925
2.00933
2.00904
2.00983
2.01076
2.01043
2.01075
2.01062
2.01068
2.01022
2.01067
2.01007
2.00979
2.00954
2.00904
2.00869
2.00948
2.00965
2.00997
2.01027
2.00992
2.00988
2.00978
2.00949
2.00918
2.00939
2.00953
2.01
2.00992
2.00989
2.0094
2.00965
2.01005
2.00998
2.00979
2.00991
2.00958
2.00924
2.00885
2.0095
2.00949
2.00923
2.00992
2.00962
2.00962
2.00963
2.00954
2.01022
2.01167
2.01223
2.01197
2.01168
2.01175
2.01228
2.0135
2.01308
2.01279
2.01225
2.01198
2.01193
2.01203
2.01168
2.01125
2.011
2.01076
2.01087
2.01124
2.01134
2.01105
2.0108
2.0103
2.00979
2.00979
2.01072
2.01037
2.01038
2.01026
2.01087
2.01128
2.01072
2.01107
2.01121
2.01105
2.01117
2.01079
2.01022
2.01054
2.01041
2.01019
2.00991
2.0104
2.0104
2.01006
2.00964
2.0092
2.0088
2.00866
2.00849
2.00797
2.00779
2.00801
2.00752
2.00746
2.00842
2.0079
2.00753
2.00749
2.0072
2.00689
2.00746
2.00763
2.00797
2.00788
2.0083
2.00781
2.00812
2.00811
2.00799
2.0074
2.00756
2.00725
2.00747
2.00693
2.00662
2.00656
2.00607
2.00709
2.00664
2.00609
2.0059
2.00637
2.00704
2.00672
2.00708
2.00668
2.0062
2.00579
2.00569
2.00546
2.00523
2.00486
2.00479
2.00422
2.00384
2.00361
2.00327
2.00337
2.00327
2.00286
2.00275
2.00296
2.00244
2.00206
2.00185
2.00161
2.00109
2.00101
2.00115
2.00099
2.00084
2.00052
2.00033
2.00044
2.00085
2.00096
2.00173
2.0013
2.0013
2.00098
2.00107
2.0017
2.00151
2.00127
2.00208
2.00167
2.00172
2.00161
2.00141
2.00115
2.00131
2.00074
2.00039
2.00046
2.00028
2.00003
1.99951
1.99961
1.99965
1.99925
1.99896
1.99848
1.99908
1.99858
1.99938
1.99975
1.99973
2.0001
1.99988
1.99956
1.99932
1.99906
1.99892
1.99876
1.99917
1.99892
1.9998
1.99953
1.99922
1.99898
1.99846
1.99875
1.99859
1.99799
1.9976
1.99722
1.99678
1.99776
1.99942
1.99977
1.99946
1.99984
1.99973
2.00017
2.00236
2.00205
2.00379
2.00347
2.00299
2.00283
2.0034
2.00322
2.00274
2.00237
2.00247
2.00249
2.00261
2.00312
2.00396
2.00381
2.0034
2.00336
2.00285
2.00274
2.00248
2.00212
2.00174
2.0022
2.00248
2.00362
2.00312
2.00265
2.00363
2.00371
2.00363
2.0037
2.00313
2.00289
2.00276
2.00223
2.00163
2.00172
2.00127
2.00168
2.00425
2.0045
2.00396
2.005
2.00491
2.00482
2.00444
2.00439
2.00419
2.00422
2.00427
2.00457
2.00401
2.00413
2.00385
2.0036
2.00435
2.00396
2.00432
2.00396
2.00362
2.00304
2.00261
2.00246
2.00279
2.00249
2.00198
2.00178
2.00225
2.00207
2.00196
2.00157
2.00148
2.00181
2.00133
2.00217
2.0018
2.0016
2.00101
2.00102
2.00072
2.00059
2.00013
1.99988
2.00052
2.00017
1.99964
1.99905
1.99872
1.99946
1.99911
1.99862
1.99799
1.99829
1.99785
1.99756
1.99751
1.9981
1.99785
1.99736
1.99754
1.99769
1.99774
1.99962
1.99999
2.00003
1.9996
1.99928
1.99998
1.99963
1.99941
1.99928
1.99906
1.99873
1.99819
1.99784
1.99939
1.99924
1.99923
1.9993
1.99947
1.99933
1.99949
1.99961
1.99916
1.99942
1.99899
1.99879
1.99905
1.99902
1.99858
1.99821
1.998
1.99791
1.9978
1.99794
1.99768
1.99712
1.99669
1.99669
1.99655
1.99737
1.99764
1.99809
1.9982
1.99851
1.99875
1.99935
1.99876
1.99853
1.99808
1.99753
1.99747
1.99689
1.99885
1.99946
1.99946
1.99974
1.99984
2.00033
2.00038
2.00227
2.00231
2.00207
2.00241
2.00201
2.00215
2.00166
2.00115
2.00148
2.00144
2.00105
2.00058
2.00087
2.00166
2.00113
2.00065
2.00039
1.99991
1.99942
1.99912
1.99866
1.99813
1.99822
1.99799
1.99786
1.99769
1.99896
1.99908
1.999
1.99859
1.99877
1.99911
1.99867
1.99857
1.99862
1.99842
1.99827
1.99812
1.99784
1.99744
1.99739
1.99742
1.99696
1.99681
1.99728
1.99771
1.99749
1.99748
1.99723
1.99766
1.99755
1.99829
1.99776
1.99743
1.99761
1.99794
1.9979
1.99815
1.99788
1.99721
1.99699
1.99674
1.99818
1.99816
1.99792
1.99889
1.9992
2.00075
2.00052
2.00008
2.00069
2.00105
2.00065
2.00034
1.99995
2.00049
2.00042
2.00046
1.99997
1.99966
1.99976
2.0001
2.0004
2.00041
2.00052
2.00036
2.00053
2.00026
2.0004
2.00062
2.0002
2.00005
1.99967
1.99995
1.99966
1.99936
1.99976
1.99934
1.99946
1.99979
2.00039
2.00043
1.99998
1.99966
1.99946
1.99921
1.99915
1.99883
1.99882
1.99962
1.99989
2
2.00054
2.00059
2.00009
2.00073
2.0006
2.00019
2.00004
2.00045
2.00029
2.00116
2.00162
2.00123
2.00084
2.0009
2.0006
2.00086
2.00062
2.00017
1.99984
1.9997
1.99923
1.99895
1.99913
1.99893
1.99958
1.99915
1.99895
1.99911
1.99863
1.99871
1.99908
1.99912
1.99904
1.99897
1.99979
1.99951
1.99987
2.00016
2.0001
1.99956
2.00077
2.00105
2.00055
2.00034
2.00061
2.00213
2.00235
2.00234
2.00266
2.00289
2.00267
2.00255
2.00213
2.00205
2.00162
2.00117
2.00081
2.00088
2.00111
2.00108
2.00141
2.00116
2.00161
2.00171
2.00159
2.00171
2.00161
2.00138
2.00102
2.00062
2.00031
2.00014
1.99964
1.99924
1.9999
1.99993
1.99983
1.99972
1.99995
1.99944
2.00014
1.99978
1.99999
2.00047
2.00013
2.00074
2.00083
2.00038
1.99982
1.9994
1.99951
1.9998
1.99987
1.99993
1.99967
1.99917
1.999
1.99926
2.0001
1.99983
1.99956
1.99949
1.99985
2
2.00048
2.00023
2.0002
1.99973
2.00045
2.00052
2.00005
2.00018
1.99987
1.99971
1.99948
1.99928
1.99907
1.99903
1.99913
1.99894
1.99847
1.99808
1.99803
1.99765
1.99815
1.99789
1.99756
1.99713
1.99682
1.99661
1.99664
1.99702
1.99674
1.99627
1.99713
1.99671
1.99696
1.99656
1.99698
1.99744
1.9971
1.99685
1.9964
1.99611
1.99553
1.99514
1.99476
1.99515
1.99487
1.99464
1.9944
1.99398
1.99393
1.99344
1.99303
1.99318
1.99355
1.99324
1.99341
1.99417
1.99399
1.99365
1.99373
1.99361
1.99357
1.99504
1.99479
1.9952
1.99519
1.9952
1.99474
1.99454
1.99413
1.994
1.9939
1.99424
1.99393
1.99339
1.99301
1.99284
1.99331
1.99295
1.99246
1.99381
1.99453
1.99456
1.99399
1.99377
1.99359
1.99332
1.99477
1.99499
1.99516
1.99472
1.99431
1.99451
1.99461
1.99587
1.99606
1.9957
1.99575
1.99559
1.99541
1.99614
1.9958
1.99588
1.99575
1.99533
1.99486
1.99464
1.99461
1.99469
1.99442
1.99393
1.99566
1.99622
1.99586
1.99644
1.99668
1.99624
1.99569
1.99589
1.99553
1.99617
1.99742
1.99709
1.99671
1.99736
1.99751
1.99852
1.99856
1.99973
1.99919
1.99932
1.99891
1.99839
1.99828
1.99877
1.99921
1.999
1.99874
1.9987
1.99847
1.99821
1.99835
1.99824
1.99803
1.99804
1.9983
1.99846
1.998
1.99806
1.99788
1.99774
1.9973
1.99699
1.99737
1.99866
1.99854
1.99921
1.99931
1.99889
1.99873
1.99917
1.99883
1.9989
1.99962
1.9998
1.99951
1.99976
1.99989
2.00042
2.00088
2.00076
2.00073
2.00017
2.00198
2.0024
2.00205
2.00277
2.00259
2.00278
2.00308
2.00263
2.00225
2.00212
2.00218
2.00304
2.0032
2.00294
2.00255
2.00211
2.00258
2.00218
2.00207
2.00214
2.00379
2.00348
2.00365
2.00385
2.00392
2.00412
2.00414
2.0045
2.0042
2.00402
2.00451
2.00461
2.00414
2.00424
2.00445
2.00405
2.00534
2.00542
2.00525
2.00475
2.00434
2.00395
2.00354
2.00346
2.00346
2.003
2.00271
2.00224
2.00266
2.0023
2.00276
2.00293
2.0025
2.00232
2.0021
2.00192
2.00212
2.00215
2.00184
2.00189
2.00179
2.00155
2.00129
2.00159
2.0011
2.00099
2.00119
2.0008
2.00105
2.00124
2.00161
2.00138
2.00146
2.00225
2.00185
2.00139
2.00081
2.00057
2.00045
2.00019
2.00015
2.00012
2.00015
1.99992
2.00126
2.00169
2.00228
2.0019
2.00188
2.00148
2.00156
2.002
2.0019
2.00176
2.00132
2.00102
2.00043
2.00014
2.00044
1.9999
1.99955
1.99907
1.99876
1.99846
1.99797
1.99887
1.99917
1.99901
1.99858
1.99821
1.99811
1.99911
1.99965
1.99931
1.99992
1.99957
1.99927
1.99939
1.99899
1.99926
1.99951
1.99937
2.00008
1.9997
2.00009
2.00023
2.00011
1.99993
1.99952
1.99997
1.99971
1.99984
1.99959
1.99948
2.0002
2.00058
2.00029
1.99996
2.00037
2.00023
2.00029
2.00006
1.99991
2.00072
2.00097
2.00065
2.00018
1.99994
1.9999
1.99958
1.99956
1.99967
1.99983
2.00018
2.00002
1.9996
1.99948
1.99925
1.99948
1.99953
1.99984
1.99946
1.99961
1.99987
1.99935
1.99899
1.99895
1.99882
1.99863
1.99854
1.99822
1.99786
1.99775
1.99763
1.99721
1.99678
1.9965
1.99636
1.99599
1.99659
1.99617
1.99606
1.99618
1.9975
1.9971
1.99758
1.99831
1.99815
1.99791
1.9975
1.99745
1.99761
1.99775
1.99776
1.99727
1.99709
1.99646
1.99675
1.99817
1.9978
1.99756
1.9979
1.99781
1.99763
1.99768
1.99728
1.9971
1.99694
1.99719
1.99682
1.99666
1.99623
1.99628
1.99613
1.99573
1.99556
1.99544
1.99526
1.995
1.99494
1.99449
1.99404
1.99451
1.99492
1.99535
1.99598
1.99568
1.99554
1.99594
1.99672
1.99637
1.99667
1.99766
1.99908
1.99926
1.99968
1.99984
1.99987
1.99949
1.9992
1.99898
1.9987
1.99815
1.9979
1.99782
1.99729
1.99782
1.9983
1.99876
1.99886
1.99837
1.99893
1.99872
1.99827
1.99821
1.99836
1.9987
1.99887
1.99872
1.99918
1.99935
1.999
1.99893
1.99868
1.99922
1.99868
1.99859
1.99972
1.99947
1.99911
1.99911
1.99877
2.00058
2.0011
2.00102
2.0017
2.00142
2.00172
2.00156
2.00139
2.00088
2.00057
2.00022
2.00109
2.00096
2.00105
2.001
2.00071
2.00025
2.00089
2.00059
2.00016
1.99972
1.99921
1.99882
1.99924
1.9988
1.9988
1.99964
1.9998
1.99942
1.99904
1.99919
1.99871
1.99924
1.9989
1.99841
1.99818
1.99835
1.99864
1.99998
2.00143
2.00113
2.00198
2.00178
2.00188
2.00207
2.00201
2.00207
2.00166
2.00135
2.00107
2.00107
2.00093
2.00096
2.00059
2.00179
2.00129
2.00115
2.00111
2.00167
2.00114
2.00067
2.00019
2.00001
2.0002
1.99983
1.99993
1.99976
1.99935
1.9992
1.99921
1.99982
1.99972
1.99954
1.99917
1.99902
1.99948
1.99911
1.99969
1.99928
1.99881
1.9984
1.99811
1.9994
1.99928
1.99908
1.99872
1.99838
1.99829
1.99887
1.99882
1.99871
1.99863
1.99877
1.99896
1.9986
1.99908
1.99904
1.99877
1.99851
1.99821
1.99786
1.99782
1.99753
1.99727
1.9975
1.99788
1.99752
1.99716
1.99679
1.99641
1.99616
1.99645
1.9967
1.99668
1.99647
1.99815
1.99814
1.99781
1.9976
1.99762
1.99697
1.9972
1.9975
1.99756
1.99781
1.99751
1.99738
1.99727
1.99706
1.9972
1.99808
1.99769
1.99724
1.99693
1.99712
1.99724
1.99761
1.99789
1.99817
1.99774
1.99791
1.99781
1.99751
1.99742
1.99744
1.99737
1.99724
1.99784
1.99772
1.99725
1.997
1.99719
1.99711
1.99686
1.99677
1.99654
1.99684
1.99693
1.99736
1.99713
1.99694
1.99652
1.9963
1.99633
1.99738
1.99809
1.99804
1.99778
1.99831
1.99896
1.99853
1.99835
1.99853
1.99836
1.99827
1.99794
1.99767
1.99743
1.99794
1.99788
1.99863
1.99829
1.99792
1.99766
1.99714
1.99684
1.99721
1.99705
1.99661
1.99719
1.99752
1.99752
1.99721
1.9975
1.99738
1.99749
1.99767
1.99749
1.99852
1.9991
1.99888
2.0009
2.0012
2.00138
2.00128
2.00114
2.00088
2.00153
2.00102
2.00086
2.0008
2.00106
2.00102
2.00081
2.00072
2.00033
2.00089
2.00105
2.00068
2.00092
2.00051
2.00044
2.00068
2.00038
2.00001
2.00038
2.00037
2.00053
2.00076
2.00107
2.00095
2.00076
2.00253
2.00252
2.00204
2.00349
2.00348
2.0038
2.00454
2.00446
2.00511
2.00496
2.00495
2.00479
2.0054
2.00513
2.00523
2.00492
2.00476
2.00492
2.00439
2.00404
2.00379
2.0041
2.00402
2.00437
2.00411
2.00365
2.00392
2.00345
2.00325
2.00316
2.00356
2.00311
2.00296
2.00271
2.00257
2.00308
2.00284
2.00226
2.00243
2.00232
2.00239
2.00207
2.00272
2.00287
2.00271
2.00234
2.0029
2.00264
2.00274
2.00358
2.0035
2.00304
2.00284
2.00367
2.00345
2.00427
2.00472
2.00474
2.00508
2.00494
2.00467
2.00473
2.00449
2.00433
2.00475
2.00471
2.00427
2.00417
2.00403
2.00455
2.00435
2.00485
2.00479
2.00592
2.00568
2.0054
2.00515
2.00495
2.00559
2.00536
2.00535
2.00516
2.00647
2.00706
2.00691
2.00686
2.00714
2.00983
2.00966
2.00958
2.00911
2.00911
2.00901
2.00954
2.00959
2.00934
2.00909
2.00885
2.00913
2.00911
2.00917
2.00966
2.00974
2.00927
2.00921
2.00887
2.00851
2.00854
2.00825
2.00797
2.0078
2.00745
2.00724
2.00756
2.00709
2.00666
2.00655
2.00665
2.00703
2.00673
2.00627
2.00628
2.00648
2.00662
2.00639
2.00603
2.00568
2.00563
2.00569
2.00589
2.00546
2.00544
2.0051
2.00472
2.00515
2.00549
2.00532
2.00528
2.00606
2.00654
2.00771
2.00816
2.00779
2.00848
2.00935
2.00958
2.00965
2.01009
2.0097
2.00953
2.00954
2.00909
2.00948
2.00918
2.00881
2.00904
2.00892
2.00915
2.0092
2.0089
2.00862
2.00879
2.00844
2.00823
2.00775
2.00815
2.00784
2.00744
2.0071
2.00707
2.00735
2.00738
2.00865
2.00947
2.00959
2.00914
2.0088
2.00877
2.01055
2.01116
2.01078
2.01068
2.01063
2.01067
2.01024
2.01025
2.0104
2.01011
2.00989
2.00943
2.00908
2.009
2.00881
2.00919
2.0087
2.00811
2.00791
2.00765
2.00761
2.00745
2.00903
2.00851
2.00807
2.00787
2.00801
2.00841
2.00812
2.00813
2.00788
2.00749
2.0075
2.00709
2.00693
2.00733
2.00698
2.00672
2.00678
2.00645
2.00621
2.00621
2.00581
2.00539
2.0051
2.00566
2.00539
2.00492
2.00461
2.00442
2.00409
2.00456
2.00515
2.0053
2.00608
2.0058
2.00548
2.0053
2.0055
2.00507
2.00505
2.00529
2.0054
2.00543
2.00504
2.00511
2.00485
2.00443
2.00482
2.00448
2.00407
2.00381
2.00479
2.0048
2.00497
2.00448
2.00419
2.00419
2.00413
2.00397
2.00396
2.00388
2.0041
2.00441
2.00506
2.00476
2.00475
2.00432
2.00415
2.0038
2.00336
2.00328
2.00301
2.00307
2.00381
2.00356
2.00357
2.00342
2.00304
2.00263
2.00281
2.00249
2.00249
2.00231
2.0049
2.00501
2.00461
2.00441
2.00591
2.00547
2.0059
2.00625
2.00675
2.00646
2.00621
2.00597
2.00594
2.00555
2.006
2.00639
2.00635
2.00587
2.00575
2.00555
2.00535
2.00653
2.00639
2.0064
2.00606
2.00571
2.00589
2.006
2.00581
2.0064
2.00625
2.00645
2.00603
2.00577
2.00545
2.0055
2.00506
2.00547
2.00514
2.00485
2.0051
2.00488
2.0046
2.0044
2.00473
2.00469
2.00442
2.00441
2.0045
2.00577
2.00628
2.0058
2.0061
2.00624
2.00641
2.00732
2.00718
2.00679
2.00664
2.0063
2.00585
2.00589
2.00584
2.0058
2.0055
2.00498
2.0056
2.00541
2.00525
2.00638
2.00677
2.00672
2.0063
2.00605
2.0065
2.00728
2.00707
2.00693
2.00704
2.00691
2.00751
2.01003
2.01011
2.01008
2.00998
2.00953
2.00959
2.01011
2.01013
2.00955
2.0099
2.00973
2.00962
2.00956
2.01015
2.00983
2.00963
2.00936
2.00938
2.00895
2.00884
2.00856
2.00913
2.00932
2.00944
2.00966
2.0093
2.01007
2.01034
2.01025
2.01048
2.01002
2.00967
2.00981
2.01023
2.00991
2.01011
2.0101
2.01066
2.0104
2.00997
2.01045
2.01019
2.01128
2.0112
2.01083
2.01088
2.01069
2.01065
2.0108
2.01161
2.01122
2.01092
2.01104
2.01077
2.01047
2.0103
2.00982
2.00974
2.01081
2.01036
2.00985
2.00943
2.00932
2.0096
2.00944
2.00906
2.00882
2.00873
2.00886
2.00849
2.00806
2.0083
2.00789
2.00772
2.0074
2.0071
2.00665
2.00712
2.00708
2.00739
2.00751
2.00747
2.00703
2.00679
2.00683
2.00668
2.00631
2.00596
2.0055
2.00531
2.0052
2.005
2.00553
2.00532
2.0054
2.00493
2.0053
2.00528
2.00545
2.00512
2.00498
2.00496
2.00517
2.00491
2.00452
2.00449
2.00413
2.00494
2.0046
2.00516
2.00494
2.00513
2.00481
2.00481
2.00476
2.0045
2.00405
2.00379
2.0036
2.00372
2.0036
2.00341
2.00331
2.00333
2.00305
2.00274
2.00235
2.00201
2.0016
2.00132
2.00131
2.00105
2.00175
2.00263
2.00226
2.00251
2.00229
2.00238
2.00207
2.00222
2.0022
2.00251
2.0023
2.00176
2.00189
2.00142
2.0014
2.00153
2.00199
2.00158
2.00122
2.00142
2.00275
2.00292
2.00306
2.00302
2.00271
2.00247
2.00292
2.00268
2.00256
2.00274
2.00265
2.00233
2.00367
2.00397
2.00364
2.00352
2.00343
2.00325
2.00293
2.00296
2.003
2.00287
2.00256
2.00211
2.00188
2.00152
2.00193
2.00202
2.00198
2.00194
2.00171
2.00135
2.0011
2.00118
2.00075
2.00073
2.00073
2.00097
2.00064
2.00013
2.00012
2.00028
1.99981
2.00022
2.00006
1.99987
1.99965
2.00032
2.00016
2.00019
2.00005
2.00009
1.99997
2.00076
2.0006
2.00117
2.00079
2.00042
2.00079
2.00151
2.00159
2.00117
2.00229
2.00214
2.00195
2.00206
2.00231
2.00242
2.00291
2.00257
2.00226
2.00211
2.00175
2.00187
2.00211
2.0017
2.0012
2.00072
2.0005
2.00025
1.99995
1.99978
1.99976
1.99987
1.9996
1.99985
1.99962
1.99943
1.99962
1.99937
1.99927
1.99984
1.99975
1.99941
1.99947
1.99927
1.99933
1.99913
1.99867
1.99841
1.99801
1.99778
1.99848
1.99852
1.99824
1.99852
1.99839
1.99813
1.99784
1.99907
1.9988
1.99835
1.99796
1.99766
1.99837
1.99872
1.99842
1.99832
1.99804
1.99752
1.99743
1.99715
1.99693
1.99729
1.99683
1.99726
1.99735
