1.93421
4.22814
3.06379
2.12823
1.56039
1.17267
1.85089
2.21172
2.06036
1.7819
1.561
1.38735
1.40781
1.25304
1.25542
1.42716
1.52959
1.48941
1.47729
1.46508
1.68471
1.58543
1.885
1.78222
1.69522
1.60456
1.6318
1.55869
1.60443
1.55747
1.48462
1.43689
1.37262
1.31109
1.28689
1.2408
1.21787
1.23013
1.20762
1.22159
1.18862
1.14276
1.10372
1.17083
1.2461
1.20905
1.2861
1.24815
1.28076
1.31154
1.3176
1.31954
1.32407
1.32143
1.28722
1.25879
1.29111
1.25556
1.24528
1.21382
1.1816
1.15002
1.24252
1.25519
1.2259
1.26763
1.24678
1.22105
1.19425
1.18493
1.15738
1.1611
1.18242
1.29175
1.27508
1.25661
1.24029
1.2154
1.19566
1.17108
1.3094
1.30343
1.27907
1.25595
1.23551
1.30446
1.29173
1.27539
1.25568
1.2332
1.212
1.21502
1.20398
1.18328
1.1912
1.17166
1.16856
1.21685
1.20008
1.18049
1.16885
1.17404
1.17502
1.19524
1.17845
1.16059
1.16133
1.15127
1.1338
1.11911
1.16094
1.14386
1.15657
1.14059
1.19189
1.19649
1.17985
1.17656
1.18138
1.17307
1.15816
1.1425
1.14422
1.13009
1.15561
1.17497
1.1679
1.17615
1.16171
1.1538
1.1392
1.1418
1.13107
1.12703
1.1176
1.10446
1.091
1.08112
1.08004
1.06774
1.0619
1.05195
1.03982
1.02835
1.09695
1.10009
1.0904
1.12651
1.1138
1.10531
1.09607
1.11194
1.112
1.10083
1.09373
1.0818
1.0963
1.08458
1.07361
1.06234
1.05095
1.04044
1.03024
1.01976
1.00941
1.01172
1.02012
1.01225
1.00959
1.02284
1.01599
1.00929
1.00345
1.00062
1.00642
1.0012
0.991214
0.981803
0.975653
0.965933
0.965179
0.97195
0.964474
0.965329
0.957587
0.950959
0.980651
0.981131
0.978404
0.99418
0.997698
0.994839
0.994477
0.985786
0.977166
0.968452
0.976432
0.978062
0.979631
0.972047
0.963779
0.996123
0.987763
1.01381
1.03201
1.04617
1.03952
1.03191
1.02842
1.02242
1.02195
1.01664
1.00959
1.05312
1.05582
1.04913
1.04077
1.03787
1.02978
1.02744
1.02043
1.02478
1.04796
1.04302
1.03635
1.02851
1.03718
1.03066
1.03153
1.02779
1.02682
1.01927
1.03536
1.0557
1.06326
1.0725
1.06522
1.05763
1.05283
1.05023
1.04385
1.04032
1.04595
1.04422
1.03679
1.03627
1.04016
1.03469
1.02866
1.02297
1.01751
1.01096
1.0039
0.997378
0.99425
0.989405
0.998621
0.993773
0.989936
0.988925
0.982663
0.987757
0.991127
0.985853
0.979206
0.972824
0.981414
0.974862
0.979977
0.973995
0.968
0.973207
0.966953
0.960824
0.963835
0.965086
0.958796
0.953624
0.950614
0.985578
0.97963
0.974464
0.96894
0.99338
0.989257
0.983558
0.977466
0.978218
0.972244
0.968137
0.962485
0.962894
0.961995
0.959683
0.954179
0.951563
0.950575
0.945056
0.940479
0.93486
0.95324
0.967249
0.981059
0.982061
0.976366
0.978546
0.983137
0.979152
0.97965
0.975539
0.973098
0.993284
0.998227
0.992638
0.989747
1.00297
1.00972
1.00954
1.0131
1.02116
1.02231
1.01688
1.01343
1.01212
1.00689
1.00269
1.00004
0.99501
0.993267
0.998036
0.992872
0.989462
0.990855
0.992533
0.994615
1.01104
1.00611
1.00681
1.00285
1.01293
1.00941
1.00472
0.99966
0.99648
1.0007
0.996719
0.991646
0.990316
0.986032
0.996218
0.993659
0.995411
0.99056
1.00192
1.00159
1.00143
0.99684
0.99224
0.988924
0.984072
0.98014
0.975286
0.98186
0.977749
0.985571
0.982621
0.980058
0.975566
0.973405
0.972583
0.974686
0.97087
0.966185
0.961961
0.963912
0.959518
0.982421
0.977771
0.973237
0.969387
0.966527
0.962145
0.958602
0.968574
0.964196
0.962717
0.964824
0.990107
0.985827
0.981817
0.983112
0.988364
0.993114
0.989925
0.994886
0.990452
0.991237
0.986864
0.982748
0.9785
0.982136
0.977765
0.979339
0.97682
0.98895
0.992303
1.00065
0.996554
0.997758
0.996547
0.995821
0.991667
0.98849
0.984713
0.980516
0.976315
0.974302
0.973748
0.969677
0.96711
0.970052
0.96769
0.963747
0.960757
0.957521
0.953543
0.94983
0.946313
0.950381
0.946434
0.956311
0.960585
0.9568
0.955882
0.952247
0.950668
0.950913
0.949184
0.945868
0.946853
0.943001
0.946919
0.947943
0.944259
0.940539
0.938503
0.937248
0.933528
0.930257
0.927037
0.925906
0.922203
0.934105
0.931352
0.927637
0.923953
0.920634
0.919061
0.925546
0.921864
0.91887
0.915463
0.927026
0.924971
0.933906
0.931061
0.927432
0.926472
0.926871
0.923312
0.944834
0.942361
0.939705
0.936083
0.942371
0.948988
0.946999
0.95254
0.952107
0.950694
0.954086
0.950674
0.947096
0.943732
0.940647
0.94379
0.940376
0.945132
0.961755
0.958318
0.9555
0.955202
0.952486
0.952167
0.948676
0.945211
0.945014
0.955444
0.95656
0.956919
0.955525
0.956489
0.959362
0.960166
0.980128
0.979364
0.976127
0.976345
0.977873
0.974808
0.971885
0.96983
0.975594
0.972275
0.970752
0.974472
0.971137
0.9703
0.970409
0.97354
0.971056
0.974824
0.972985
0.972389
0.970474
0.970603
0.967873
0.965587
0.963411
0.960877
0.959671
0.958194
0.959855
0.961613
0.95936
0.959085
0.959796
0.963724
0.963976
0.960815
0.959297
0.965452
0.965971
0.964435
0.963741
0.96468
0.965292
0.962535
0.961031
0.95925
0.967944
0.974492
0.97524
0.973543
0.975036
0.971942
0.974315
0.97775
0.975022
0.97891
0.983988
0.981162
0.980908
0.98565
0.983286
1.0038
1.00114
1.00323
1.00084
0.998858
0.99575
1.00876
1.00652
1.00395
1.00122
0.998615
0.996822
0.993755
0.9908
0.989882
0.9869
0.983933
0.982214
0.989694
0.988282
0.987867
0.985149
0.988615
0.987547
0.98896
0.990242
0.987295
0.98586
0.989182
0.991529
0.98875
0.988661
0.985773
0.98475
0.981939
0.982746
0.980885
0.978224
0.982345
0.979466
0.980205
0.977319
0.974515
0.971875
0.975126
0.98026
0.98233
0.992274
0.990338
0.988183
0.986286
0.984167
0.983725
0.981392
0.979079
0.978894
0.976334
0.97478
0.993498
0.992384
1.00801
1.00516
1.00256
1.00144
1.00032
0.998758
1.00419
1.00151
0.998794
1.00576
1.01444
1.01424
1.01238
1.00972
1.00698
1.00424
1.00359
1.00085
1.00097
0.99872
0.996009
0.999162
1.00508
1.00367
1.00124
0.999952
0.99872
0.997994
1.00351
1.00531
1.00517
1.00246
1.0006
0.998941
0.999182
0.996496
0.994009
0.995072
1.00482
1.00238
1.00027
0.997862
1.01292
1.01032
1.00911
1.00805
1.00805
1.00541
1.00292
1.00667
1.01276
1.01256
1.01548
1.015
1.01248
1.00991
1.00731
1.01489
1.01438
1.01193
1.0162
1.01366
1.01198
1.00966
1.00719
1.00526
1.01481
1.02025
1.02043
1.01899
1.01659
1.02074
1.02114
1.02282
1.02025
1.01852
1.01624
1.01632
1.01448
1.01323
1.01394
1.01291
1.02432
1.04096
1.03879
1.03623
1.0425
1.04131
1.03951
1.03795
1.03628
1.03456
1.03237
1.03159
1.0307
1.03123
1.02903
1.02663
1.03829
1.03706
1.05156
1.05197
1.05711
1.06155
1.06289
1.0671
1.06469
1.06219
1.06334
1.06191
1.06155
1.06352
1.06768
1.06619
1.06986
1.06822
1.06574
1.06342
1.06226
1.05997
1.05938
1.06109
1.05898
1.05781
1.05537
1.05322
1.05155
1.05055
1.04825
1.05024
1.04791
1.04598
1.04365
1.04653
1.04416
1.04179
1.0395
1.03734
1.04298
1.04208
1.03977
1.04233
1.04024
1.03828
1.03682
1.03904
1.03696
1.03482
1.03358
1.03503
1.03651
1.03498
1.03422
1.03394
1.03165
1.03328
1.03215
1.03104
1.0296
1.03537
1.03599
1.03383
1.03895
1.03665
1.03502
1.0333
1.03187
1.03561
1.0366
1.03498
1.03511
1.03423
1.03251
1.03179
1.02953
1.03682
1.03852
1.03765
1.03639
1.03424
1.03316
1.03531
1.03557
1.03343
1.03128
1.02957
1.02737
1.02697
1.02511
1.02426
1.02307
1.021
1.0203
1.01815
1.01596
1.01438
1.01267
1.01201
1.01646
1.02868
1.03477
1.03331
1.03586
1.0338
1.03173
1.03788
1.03824
1.03966
1.03749
1.03592
1.03691
1.03474
1.0402
1.03859
1.03721
1.03932
1.03845
1.03691
1.03531
1.03321
1.03437
1.03269
1.03147
1.03396
1.0339
1.03534
1.03419
1.03299
1.03237
1.03065
1.03483
1.03671
1.0351
1.03469
1.0326
1.03138
1.031
1.03045
1.02854
1.02998
1.02795
1.02605
1.02401
1.02232
1.02329
1.02155
1.01986
1.01838
1.01639
1.01794
1.01593
1.01566
1.01595
1.01612
1.01481
1.01284
1.01096
1.01572
1.01684
1.01525
1.01322
1.0178
1.01635
1.01671
1.01708
1.0177
1.01662
1.01499
1.01318
1.01119
1.01445
1.01396
1.01303
1.01424
1.01232
1.01408
1.01394
1.01255
1.01057
1.00888
1.00717
1.00547
1.00415
1.00642
1.00448
1.00256
1.00066
0.999202
0.997671
0.995738
0.993808
0.992959
0.993568
0.992646
0.991899
0.993059
0.992072
0.992793
0.994402
1.00049
0.999915
0.999859
1.0002
0.998742
1.00402
1.00294
1.00287
1.00164
0.999745
0.998125
0.996326
0.995072
0.994188
1.00311
1.0052
1.00343
1.00706
1.00523
1.0039
1.00202
1.00088
0.999246
0.997529
1.00008
0.998329
0.997491
0.995636
0.996552
0.994696
0.99293
0.996387
0.994603
1.01072
1.01222
1.01268
1.01185
1.0123
1.0129
1.0139
1.01204
1.01024
1.00881
1.00705
1.01124
1.01086
1.01157
1.01145
1.00996
1.01459
1.01538
1.0149
1.0209
1.01987
1.02225
1.02293
1.02126
1.01969
1.0302
1.03275
1.03111
1.03425
1.03754
1.03771
1.0404
1.03988
1.03879
1.04163
1.04103
1.03941
1.04002
1.03891
1.038
1.03634
1.03454
1.03297
1.03151
1.03395
1.03364
1.03424
1.03248
1.03069
1.03551
1.03375
1.03269
1.03136
1.03033
1.02873
1.02865
1.02766
1.02777
1.02647
1.02816
1.02752
1.02575
1.02472
1.02309
1.02167
1.01993
1.01882
1.01708
1.01673
1.01777
1.01702
1.01543
1.01513
1.01799
1.01627
1.01479
1.02099
1.01976
1.02074
1.01921
1.01928
1.02147
1.02101
1.02445
1.0233
1.0263
1.02492
1.02485
1.02429
1.02259
1.02148
1.02067
1.01949
1.01834
1.019
1.01788
1.01662
1.01522
1.01356
1.01212
1.01124
1.01005
1.00879
1.0082
1.00686
1.00672
1.00514
1.00347
1.00181
1.00204
1.00038
1.0058
1.00416
1.00269
1.0018
1.00765
1.00598
1.00433
1.00292
1.00285
1.00462
1.00302
1.00196
1.00157
1.00055
0.998913
0.997527
0.995897
0.994281
0.993101
0.993022
0.995352
0.994062
0.992838
0.991429
0.99432
0.997382
0.996458
0.996103
0.995726
0.994114
0.992548
0.995974
0.994542
0.993569
0.992023
0.990884
0.989372
0.990205
0.989916
1.00278
1.00119
0.999743
0.999053
0.998509
0.997053
0.995799
0.997708
0.996985
0.995405
0.993944
0.993437
0.992963
0.993529
0.992995
0.991722
0.993718
0.99287
0.991333
0.989919
0.988357
0.98726
0.9868
0.985338
0.984982
0.986001
0.987538
0.987219
0.989212
0.98769
0.986575
0.985242
0.984605
0.983445
0.982706
0.981395
0.97986
0.978743
0.977237
0.975972
0.975908
0.974418
0.973809
0.972372
0.972566
0.971585
0.970151
0.970566
0.974444
0.973051
0.97154
0.970034
0.968528
0.967027
0.965729
0.966418
0.966054
0.969438
0.970757
0.974275
0.979621
0.979419
0.978759
0.977359
0.977471
0.979612
0.982182
0.983047
0.982856
0.981635
0.980695
0.97954
0.97896
0.979079
0.977738
0.976767
0.976039
0.974669
0.973652
0.973598
0.974532
0.973565
0.972097
0.971374
0.972839
0.971383
0.970441
0.972013
0.97078
0.971066
0.971305
0.970906
0.972717
0.971454
0.970061
0.969082
0.972025
0.971909
0.970734
0.969341
0.974343
0.976132
0.980498
0.979699
0.978293
0.980701
0.9793
0.978443
0.977
0.975597
0.97424
0.974179
0.97335
0.972283
0.970893
0.969575
0.968736
0.96751
0.968614
0.968824
0.967506
0.966099
0.966322
0.967119
0.967424
0.966984
0.966201
0.964932
0.963929
0.962714
0.965698
0.965235
0.964074
0.96342
0.963332
0.961952
0.96061
0.9593
0.959415
0.959432
0.963754
0.962505
0.961158
0.959771
0.958789
0.965412
0.969499
0.968413
0.970775
0.970799
0.96941
0.968037
0.966965
0.973611
0.973088
0.973536
0.97364
0.976776
0.976761
0.975784
0.974423
0.976531
0.97817
0.978859
0.977886
0.976526
0.975167
0.973812
0.972693
0.971333
0.970339
0.969057
0.967722
0.968916
0.967557
0.966845
0.968
0.966791
0.968451
0.970738
0.971877
0.972121
0.970794
0.97024
0.970894
0.974234
0.973364
0.972056
0.970766
0.96946
0.969818
0.969099
0.96798
0.967713
0.9679
0.967045
0.965725
0.965248
0.964104
0.962868
0.961554
0.962493
0.961195
0.959933
0.959762
0.958455
0.958968
0.957695
0.956386
0.956832
0.955954
0.957318
0.956069
0.955978
0.958997
0.958753
0.960022
0.958713
0.957642
0.957184
0.956185
0.955644
0.956188
0.959061
0.957867
0.960392
0.959633
0.959242
0.958176
0.959595
0.958303
0.957526
0.956252
0.955886
0.954616
0.953556
0.954935
0.957409
0.956469
0.95549
0.954897
0.953867
0.952671
0.95215
0.951197
0.951111
0.949858
0.949138
0.948325
0.948268
0.947657
0.947099
0.945831
0.947704
0.946693
0.946374
0.946081
0.94483
0.943578
0.942348
0.945432
0.944236
0.943547
0.946394
0.945972
0.944905
0.94737
0.946405
0.952637
0.951423
0.950397
0.951354
0.95027
0.949404
0.957063
0.957479
0.957092
0.958719
0.965841
0.964595
0.966664
0.965965
0.966062
0.964818
0.965339
0.965496
0.964532
0.963855
0.962639
0.961635
0.960632
0.959446
0.959964
0.959002
0.957763
0.956604
0.958531
0.957304
0.956073
0.954938
0.957121
0.955927
0.957274
0.95607
0.95501
0.954815
0.953844
0.95317
0.954727
0.955633
0.95474
0.953799
0.952596
0.952908
0.951895
0.950709
0.949496
0.953605
0.952593
0.952161
0.951345
0.950336
0.949689
0.94869
0.94754
0.946337
0.946257
0.945926
0.946858
0.946786
0.945666
0.944471
0.943719
0.943197
0.942079
0.943544
0.944044
0.946893
0.945905
0.944957
0.948818
0.948354
0.949726
0.948538
0.947364
0.946454
0.956367
0.956261
0.955289
0.954145
0.954908
0.953722
0.95283
0.952067
0.950991
0.95173
0.952348
0.951439
0.95154
0.950592
0.949453
0.948815
0.953068
0.959107
0.958266
0.959113
0.957957
0.957355
0.957921
0.956877
0.955826
0.959182
0.958628
0.960678
0.960099
0.960024
0.960885
0.959741
0.95963
0.958614
0.957635
0.956614
0.955944
0.958395
0.958275
0.957125
0.956983
0.955838
0.954834
0.953873
0.953116
0.962456
0.961505
0.960382
0.959238
0.958995
0.95909
0.958453
0.959551
0.959434
0.959629
0.959521
0.959697
0.958596
0.957875
0.957268
0.956125
0.955661
0.95519
0.954056
0.952978
0.952285
0.951388
0.952062
0.951826
0.950703
0.950494
0.952435
0.956331
0.958691
0.960366
0.961644
0.961947
0.961701
0.961568
0.960697
0.959713
0.960857
0.963968
0.962956
0.962384
0.962399
0.964663
0.965062
0.964658
0.966079
0.965091
0.96429
0.963346
0.965968
0.964867
0.964049
0.964446
0.965496
0.968549
0.968355
0.967267
0.969744
0.972068
0.971618
0.971569
0.970459
0.97055
0.969486
0.968437
0.967405
0.971982
0.970903
0.969795
0.968749
0.968348
0.968518
0.967407
0.966345
0.96693
0.968408
0.969028
0.968346
0.969888
0.971037
0.970186
0.969103
0.967999
0.967444
0.966341
0.965305
0.964947
0.963994
0.963036
0.961954
0.96329
0.962561
0.961597
0.960972
0.959882
0.959268
0.95818
0.958485
0.957398
0.956798
0.955717
0.954651
0.954413
0.955593
0.955622
0.954745
0.954001
0.95296
0.952604
0.953349
0.952363
0.95517
0.954424
0.953349
0.954809
0.955756
0.955354
0.95891
0.957901
0.957317
0.95661
0.955962
0.955902
0.954854
0.953826
0.953172
0.95338
0.953633
0.960011
0.959409
0.95882
0.960946
0.962308
0.961245
0.960189
0.960808
0.959847
0.958853
0.957923
0.958139
0.957386
0.956339
0.955452
0.955948
0.954946
0.953951
0.952902
0.951873
0.950865
0.949877
0.948835
0.94791
0.947849
0.947246
0.946746
0.949917
0.948877
0.954721
0.956733
0.959369
0.959553
0.959263
0.958225
0.957209
0.9576
0.957335
0.956639
0.963689
0.96282
0.962758
0.962225
0.961441
0.960999
0.959959
0.959539
0.958762
0.958037
0.96076
0.959982
0.960296
0.959524
0.958614
0.958021
0.957127
0.956551
0.955521
0.954533
0.954552
0.955937
0.95495
0.953984
0.952967
0.956832
0.955837
0.955051
0.954147
0.953142
0.954037
0.954337
0.954552
0.953651
0.954291
0.953272
0.952575
0.9558
0.957997
0.957225
0.956233
0.959449
0.959128
0.958372
0.957896
0.956886
0.956251
0.95608
0.956135
0.955145
0.956934
0.95656
0.955624
0.954696
0.957405
0.958249
0.957426
0.95645
0.955719
0.955057
0.954307
0.95356
0.952588
0.952322
0.951347
0.951851
0.95144
0.950888
0.949928
0.948992
0.948021
0.947505
0.946515
0.947447
0.949232
0.948811
0.94921
0.949097
0.948108
0.948917
0.949657
0.948668
0.947968
0.947118
0.946235
0.948549
0.947563
0.948172
0.947614
0.948574
0.953894
0.952909
0.951979
0.952638
0.952249
0.951314
0.950346
0.951054
0.951325
0.950353
0.949912
0.949202
0.948773
0.949035
0.948949
0.94807
0.948995
0.948185
0.947261
0.946522
0.94719
0.946297
0.948023
0.948506
0.953418
0.954175
0.953261
0.952304
0.951687
0.951329
0.950881
0.952388
0.951422
0.951869
0.9519
0.951012
0.951566
0.952937
0.952134
0.951432
0.951342
0.951488
0.953781
0.953605
0.952741
0.951869
0.950909
0.951209
0.952703
0.951767
0.95082
0.9499
0.956131
0.955315
0.95437
0.953514
0.952752
0.952342
0.951394
0.951323
0.954219
0.953362
0.953168
0.952548
0.953065
0.952143
0.952391
0.952976
0.952727
0.952034
0.951799
0.950869
0.950182
0.949389
0.949191
0.948415
0.948071
0.949924
0.952548
0.951623
0.95197
0.952563
0.953395
0.952946
0.952512
0.951637
0.95216
0.951229
0.950842
0.950066
0.949551
0.948618
0.947744
0.946815
0.946785
0.945854
0.944989
0.945061
0.944606
0.944069
0.94335
0.943032
0.942634
0.942573
0.944731
0.946425
0.945917
0.945006
0.945309
0.944385
0.943578
0.944348
0.945458
0.945117
0.946145
0.945593
0.945746
0.949487
0.951273
0.9509
0.949992
0.949132
0.950522
0.949993
0.949907
0.949329
0.948418
0.949626
0.949788
0.950088
0.949355
0.948439
0.947927
0.947014
0.948163
0.947443
0.947032
0.947139
0.948411
0.947639
0.946838
0.946594
0.948244
0.949511
0.950798
0.949893
0.949377
0.95326
0.952377
0.95152
0.952218
0.954634
0.953864
0.953043
0.95243
0.952115
0.951211
0.952293
0.951636
0.954208
0.953382
0.952828
0.952005
0.951194
0.950357
0.950074
0.949393
0.95221
0.951649
0.950933
0.950062
0.94937
0.948814
0.950726
0.949837
0.949119
0.950108
0.949348
0.95008
0.949201
0.948516
0.948284
0.947799
0.947109
0.946353
0.945472
0.944646
0.943993
0.943187
0.945827
0.945968
0.945215
0.944363
0.945524
0.945262
0.945412
0.9446
0.944859
0.944002
0.943212
0.946395
0.945523
0.950563
0.949817
0.948976
0.948484
0.949431
0.948551
0.947771
0.947591
0.94673
0.945874
0.945107
0.945079
0.946439
0.946113
0.946679
0.947008
0.94615
0.945978
0.946648
0.946403
0.94663
0.946751
0.945895
0.945131
0.944394
0.943579
0.943183
0.942711
0.942105
0.941547
0.942932
0.94213
0.941428
0.942758
0.942046
0.941999
0.941736
0.941121
0.943872
0.943259
0.942404
0.941938
0.941101
0.940556
0.93979
0.946469
0.946563
0.946415
0.945649
0.945218
0.944365
0.944293
0.94371
0.944434
0.944715
0.944309
0.944726
0.944096
0.95198
0.951148
0.950309
0.950477
0.949777
0.950965
0.951114
0.952166
0.951394
0.95825
0.960878
0.960791
0.959962
0.962435
0.961659
0.96238
0.962005
0.961422
0.961929
0.961128
0.960286
0.959847
0.958994
0.958149
0.957477
0.956666
0.957012
0.956433
0.958185
0.959989
0.959147
0.958623
0.958177
0.957671
0.956878
0.957094
0.956435
0.957444
0.956641
0.956633
0.955822
0.955908
0.955256
0.954499
0.95366
0.953448
0.952808
0.952394
0.95195
0.95633
0.956694
0.956088
0.956575
0.958339
0.957745
0.956941
0.957569
0.958173
0.958148
0.958126
0.957378
0.956652
0.956326
0.955546
0.958625
0.95866
0.957828
0.957442
0.961107
0.96076
0.960597
0.960507
0.959721
0.960663
0.960383
0.962265
0.961633
0.960903
0.960237
0.964843
0.964448
0.963898
0.963185
0.963999
0.963569
0.96276
0.961964
0.965393
0.965035
0.964966
0.964227
0.963547
0.962721
0.962052
0.961232
0.96131
0.961397
0.960581
0.959789
0.959529
0.959358
0.959453
0.960923
0.960307
0.96015
0.95935
0.959577
0.95929
0.960943
0.960164
0.959559
0.958883
0.958104
0.958705
0.959734
0.958944
0.959323
0.962065
0.961496
0.961625
0.962859
0.962438
0.9619
0.961832
0.961668
0.961783
0.962027
0.964941
0.969101
0.968312
0.967679
0.967336
0.966605
0.966004
0.965982
0.968886
0.970071
0.970342
0.970708
0.97005
0.970198
0.970053
0.970313
0.971803
0.973514
0.973793
0.973174
0.973054
0.973282
0.972478
0.972896
0.972414
0.971656
0.971531
0.970788
0.971204
0.970516
0.970028
0.969242
0.968854
0.969024
0.968222
0.968928
0.968896
0.968205
0.967437
0.966698
0.967031
0.966303
0.965548
0.964919
0.965333
0.964558
0.963762
0.964268
0.9638
0.963093
0.963725
0.963334
0.97147
0.970728
0.970822
0.970434
0.971403
0.970611
0.969823
0.969834
0.96915
0.968357
0.968035
0.968828
0.968041
0.967772
0.967697
0.967631
0.966882
0.966221
0.966639
0.965851
0.965069
0.968092
0.970006
0.973701
0.973485
0.973527
0.97361
0.972872
0.972534
0.971812
0.971036
0.970656
0.971109
0.970332
0.970416
0.969732
0.968952
0.96826
0.967787
0.967656
0.966946
0.967059
0.966324
0.965566
0.96504
0.96767
0.966948
0.966354
0.965684
0.965236
0.973249
0.97253
0.972118
0.974375
0.975437
0.974932
0.97434
0.975474
0.974968
0.974815
0.974058
0.973487
0.972714
0.973819
0.976716
0.976849
0.980036
0.979827
0.979587
0.979148
0.978379
0.977604
0.976885
0.976763
0.977135
0.976371
0.975773
0.9751
0.975695
0.976638
0.976671
0.976731
0.976027
0.975257
0.9769
0.97697
0.978616
0.977849
0.979174
0.981948
0.981553
0.982203
0.981509
0.980866
0.982105
0.98232
0.981657
0.982817
0.982054
0.981737
0.980971
0.980436
0.980928
0.982328
0.981635
0.981166
0.980465
0.979865
0.979544
0.979892
0.979181
0.980001
0.97991
0.979176
0.979639
0.978883
0.978263
0.981372
0.981054
0.980309
0.980101
0.979373
0.97964
0.979087
0.979126
0.97882
0.981645
0.985217
0.985184
0.984446
0.984679
0.984109
0.983737
0.983041
0.982309
0.981835
0.98108
0.980922
0.98044
0.98002
0.979272
0.978922
0.978468
0.97805
0.979676
0.979442
0.979549
0.978803
0.978064
0.97732
0.976732
0.976705
0.976195
0.975882
0.975657
0.975011
0.974597
0.974357
0.976685
0.976232
0.97696
0.977354
0.977541
0.977697
0.977235
0.97678
0.977178
0.976554
0.9772
0.976461
0.976273
0.979077
0.978337
0.979223
0.978747
0.97833
0.977677
0.977064
0.977809
0.977099
0.977305
0.977164
0.976729
0.975995
0.976028
0.975991
0.976947
0.977888
0.981931
0.981716
0.981794
0.981268
0.980571
0.980068
0.979431
0.978706
0.978249
0.977524
0.977419
0.976687
0.975956
0.975439
0.975219
0.977403
0.979568
0.980189
0.979662
0.979598
0.978901
0.978196
0.978213
0.978591
0.978075
0.977391
0.976678
0.976063
0.975339
0.974706
0.975254
0.974547
0.974057
0.974473
0.976199
0.976806
0.976274
0.976951
0.976418
0.97626
0.97556
0.974927
0.974205
0.973887
0.976155
0.977154
0.977175
0.976476
0.975906
0.975238
0.974973
0.975534
0.978561
0.981093
0.982866
0.98238
0.982761
0.982794
0.984362
0.983643
0.983664
0.983117
0.982401
0.981712
0.982049
0.981487
0.982657
0.98201
0.981335
0.980681
0.980315
0.979823
0.979865
0.979318
0.980618
0.981895
0.981367
0.980658
0.980067
0.981768
0.981229
0.981533
0.980934
0.980395
0.979767
0.979119
0.978783
0.978209
0.977764
0.97742
0.97677
0.976349
0.97569
0.975129
0.974422
0.975972
0.975891
0.975494
0.975162
0.974539
0.974252
0.975816
0.976721
0.97641
0.97608
0.976919
0.976944
0.976243
0.979757
0.9796
0.980585
0.979926
0.97981
0.980016
0.979322
0.979951
0.979274
0.978806
0.979025
0.978426
0.977908
0.977286
0.978148
0.977568
0.976989
0.977544
0.976955
0.978982
0.980499
0.980161
0.981174
0.981434
0.987686
0.987796
0.988809
0.988375
0.988261
0.987825
0.989899
0.992753
0.992411
0.993347
0.99267
0.991971
0.991281
0.991571
0.991192
0.990502
0.989822
0.989268
0.989653
0.988964
0.990454
0.989764
0.991594
0.99153
0.9924
0.994497
0.993803
0.993227
0.992709
0.992013
0.991664
0.991539
0.990845
0.990847
0.992696
0.992143
0.991669
0.993447
0.992848
0.993822
0.993159
0.993289
0.994522
0.996318
0.995671
0.995373
0.994686
0.994034
0.993555
0.993303
0.992687
0.993234
0.992556
0.993426
0.996183
0.995735
0.995539
0.994878
0.997616
0.996935
0.996758
0.996089
0.995741
0.995053
0.995204
0.995098
0.994433
0.994251
0.994251
0.993607
0.993898
0.994703
0.994261
0.994161
0.995797
0.995445
0.995329
0.994945
0.994784
0.99411
0.993924
0.996798
0.996141
0.99548
0.995452
0.995228
0.994626
0.994502
0.994331
0.993913
0.994376
0.99606
0.99555
0.994923
0.994791
0.99419
0.994836
0.995242
0.995302
0.994876
0.994469
0.993853
0.993417
0.992916
0.992343
0.991671
0.992632
0.993031
0.9926
0.992784
0.993361
0.992807
0.993423
0.993606
0.994645
0.995544
0.994894
0.995185
0.994808
0.994568
0.997894
0.99746
0.997051
0.996384
0.995802
0.995134
0.994466
0.9939
0.994815
0.994426
0.993902
0.993233
0.993621
0.993079
0.9925
0.991927
0.994035
0.996387
0.996175
0.995652
0.995603
0.994984
0.994586
0.998813
0.998459
0.99801
0.997343
0.997081
0.997347
0.997665
1.00039
0.999726
0.999353
0.99974
1.00116
1.00055
1.00103
1.00037
1.00038
1.00001
1.00115
1.00059
1.00036
1.00074
1.00022
0.999739
0.99913
1.00249
1.00272
1.00244
1.00255
1.00215
1.00171
1.00175
1.00255
1.00485
1.00426
1.0066
1.00607
1.00706
1.00743
1.00692
1.00639
1.0077
1.0072
1.00659
1.00854
1.00861
1.00832
1.00798
1.00736
1.00678
1.00643
1.00593
1.00548
1.00485
1.00507
1.00577
1.00512
1.00456
1.00403
1.00383
1.00457
1.00398
1.00335
1.00422
1.00363
1.0047
1.00414
1.0044
1.00458
1.00395
1.00358
1.00449
1.00609
1.00561
1.00498
1.00434
1.0053
1.00465
1.00407
1.00373
1.00315
1.00268
1.00211
1.00146
1.00133
1.00069
1.00055
1.00159
1.00105
1.00073
1.00174
1.00111
1.00314
1.00441
1.00411
1.00436
1.00409
1.00397
1.00385
1.00321
1.00402
1.00339
1.00301
1.0025
1.00265
1.00226
1.00379
1.00375
1.00318
1.00254
1.00196
1.00138
1.0009
1.00026
0.999946
0.999339
0.999459
0.999227
1.0019
1.0019
1.00201
1.00147
1.00083
1.00034
0.999731
0.999103
1.00053
1.00085
1.00043
0.99992
0.999285
0.999148
0.99852
0.998056
0.997475
0.999161
0.999323
0.998704
0.998469
0.997834
0.997199
0.996636
0.996175
0.998594
0.998043
0.997687
0.998332
0.998164
0.997693
0.997995
0.997669
0.997082
1.00044
0.999828
0.99962
0.998995
0.999076
0.998544
1.00028
0.999881
0.999377
0.998909
1.00108
1.00063
1.00146
1.0011
1.0015
1.00138
1.00094
1.00087
1.00028
0.999925
0.99942
0.998835
0.998302
0.997696
0.998482
0.997904
0.997544
0.996952
0.996493
0.996142
0.995773
0.995426
0.995097
0.994475
0.99419
0.993568
0.993427
0.992823
0.993477
0.992866
0.992496
0.991883
0.991294
0.990747
0.990409
0.989898
0.990927
0.990418
0.990154
0.989537
0.989605
0.989019
0.988482
0.988586
0.988146
0.987539
0.988177
0.988621
0.989142
0.988705
0.98876
0.988212
0.988272
0.987681
0.987093
0.987165
0.986571
0.985957
0.985604
0.985548
0.984969
0.984436
0.984554
0.983943
0.983398
0.982931
0.982883
0.98277
0.982487
0.984278
0.985905
0.986789
0.986415
0.986311
0.986585
0.98608
0.987117
0.986636
0.987072
0.987445
0.986909
0.986335
0.98696
0.990415
0.990422
0.989814
0.989502
0.989007
0.988659
0.988384
0.987822
0.987276
0.98799
0.987393
0.987092
0.987094
0.986739
0.986134
0.986142
0.987859
0.989513
0.990289
0.990578
0.990742
0.99014
0.989918
0.990426
0.98991
0.98952
0.988918
0.988316
0.987722
0.988142
0.99007
0.989519
0.991353
0.991139
0.991519
0.991614
0.994175
0.993792
0.993207
0.994065
0.993743
0.993849
0.993278
0.992817
0.992275
0.998491
0.997961
0.997366
0.996852
0.996498
0.995913
0.999585
0.999024
1.00216
1.0018
1.00236
1.00398
1.0034
1.00282
1.00245
1.00276
1.00311
1.00257
1.00255
1.00254
1.00279
1.00265
1.00213
1.00164
1.00108
1.00133
1.0008
1.00025
0.999758
0.999185
1.00063
1.00031
0.99973
0.999826
0.999263
0.998671
0.998579
0.998713
0.998461
0.997917
0.997359
0.996863
0.996277
0.996246
0.996054
0.995464
0.994925
0.994819
0.99455
0.994182
0.993591
0.993215
0.992652
0.992431
0.993633
0.993276
0.992801
0.992673
0.992739
0.992196
0.991895
0.992385
0.991881
0.991814
0.991226
0.991303
0.990905
0.990559
0.990672
0.990167
0.989743
0.989227
0.988983
0.98851
0.988184
0.987961
0.98804
0.987457
0.987723
0.987325
0.987665
0.987929
0.987364
0.986785
0.986246
0.985904
0.98541
0.984879
0.984447
0.983949
0.983386
0.983277
0.983172
0.982705
0.982457
0.982646
0.982068
0.981628
0.981349
0.980773
0.980202
0.979626
0.979413
0.978888
0.978661
0.978116
0.977796
0.977246
0.97747
0.978143
0.977591
0.977096
0.976985
0.976475
0.975977
0.975472
0.976021
0.975891
0.975325
0.974836
0.9746
0.974778
0.974415
0.974996
0.97656
0.975999
0.97667
0.976561
0.976619
0.976062
0.975558
0.975087
0.97452
0.974485
0.973927
0.973406
0.972919
0.973151
0.972593
0.972851
0.97233
0.97218
0.972098
0.972336
0.972689
0.972405
0.97189
0.971536
0.970993
0.970576
0.970403
0.969912
0.969351
0.96948
0.969246
0.972757
0.972213
0.97165
0.971332
0.970777
0.97091
0.970706
0.970615
0.97228
0.971867
0.971315
0.970847
0.970584
0.970024
0.96979
0.969371
0.970259
0.969881
0.969756
0.96922
0.968909
0.968407
0.969018
0.971257
0.970877
0.970986
0.970728
0.970174
0.969662
0.969511
0.969131
0.968577
0.968236
0.967771
0.967342
0.967261
0.967715
0.967823
0.967398
0.966847
0.966566
0.966077
0.965531
0.967321
0.967753
0.967271
0.967251
0.966886
0.967073
0.971338
0.970911
0.970361
0.976805
0.976273
0.977606
0.977586
0.977037
0.976501
0.976172
0.976291
0.976353
0.976963
0.976566
0.976621
0.976158
0.976125
0.975579
0.975272
0.978543
0.98037
0.979905
0.979476
0.978998
0.978593
0.97919
0.97973
0.97919
0.978851
0.978299
0.978005
0.977457
0.977606
0.97769
0.980522
0.979983
0.980024
0.979854
0.979871
0.979918
0.981125
0.980868
0.981325
0.981104
0.980833
0.980442
0.97999
0.9795
0.978992
0.97919
0.979463
0.979021
0.978542
0.978268
0.97812
0.977582
0.977231
0.976718
0.976396
0.975951
0.975526
0.975014
0.974506
0.973985
0.973577
0.973047
0.972983
0.973318
0.973607
0.973135
0.973442
0.973023
0.972484
0.97201
0.971468
0.970943
0.970415
0.970472
0.97012
0.969623
0.969174
0.969196
0.969794
0.970208
0.969854
0.969484
0.970177
0.969658
0.969162
0.970473
0.970008
0.969666
0.969944
0.969415
0.969171
0.96914
0.969489
0.969207
0.968698
0.96816
0.967629
0.968038
0.968088
0.967641
0.967105
0.967885
0.96759
0.967852
0.968868
0.968406
0.968381
0.968329
0.967859
0.96736
0.967371
0.966846
0.966524
0.966621
0.968921
0.969294
0.970956
0.97055
0.970293
0.970451
0.969938
0.969817
0.969291
0.971966
0.971541
0.971009
0.970479
0.970059
0.969664
0.969331
0.970199
0.969668
0.969165
0.968832
0.968471
0.96861
0.968124
0.967607
0.968653
0.969529
0.970528
0.970051
0.969558
0.969032
0.969116
0.970672
0.970382
0.97003
0.96964
0.969479
0.970795
0.970349
0.969847
0.969384
0.969143
0.969174
0.968666
0.968595
0.969066
0.968731
0.968632
0.968595
0.969416
0.968896
0.968371
0.967849
0.967724
0.96729
0.966891
0.966437
0.966149
0.966244
0.966296
0.965773
0.96534
0.964839
0.964573
0.964088
0.965428
0.964991
0.965512
0.967493
0.967131
0.96661
0.966303
0.967902
0.967838
0.968166
0.967707
0.967188
0.966705
0.966199
0.965769
0.965477
0.965187
0.966826
0.966337
0.965876
0.965746
0.965339
0.965682
0.965174
0.964737
0.96422
0.966357
0.968274
0.969725
0.969566
0.969296
0.969479
0.969057
0.969361
0.969073
0.968561
0.968051
0.967556
0.967582
0.968169
0.969509
0.969448
0.96954
0.970309
0.969798
0.971452
0.971394
0.971068
0.970656
0.970167
0.969874
0.969453
0.969336
0.968906
0.969377
0.969038
0.970703
0.970676
0.970896
0.97071
0.970199
0.969733
0.969323
0.969015
0.969877
0.970033
0.96962
0.96918
0.968895
0.96844
0.968032
0.967989
0.967828
0.967373
0.967212
0.966725
0.966435
0.96609
0.966701
0.966293
0.966201
0.965929
0.966849
0.966478
0.966192
0.96571
0.965807
0.965398
0.964904
0.964747
0.964247
0.963754
0.963247
0.963043
0.963644
0.963768
0.963289
0.962813
0.963128
0.963141
0.966623
0.966343
0.965837
0.965436
0.965003
0.965368
0.965071
0.964662
0.966551
0.966645
0.966449
0.96671
0.966568
0.966076
0.965796
0.965291
0.964786
0.964971
0.966427
0.966265
0.96576
0.965259
0.96498
0.965703
0.965311
0.964937
0.964446
0.96513
0.965837
0.965849
0.965754
0.965397
0.964904
0.964589
0.964172
0.963698
0.963438
0.96304
0.963101
0.962836
0.962357
0.961861
0.961493
0.96111
0.961558
0.961335
0.960904
0.961007
0.961168
0.960951
0.960462
0.960234
0.960118
0.959667
0.9592
0.958976
0.960605
0.961008
0.961654
0.963098
0.963577
0.963454
0.963001
0.96296
0.963121
0.962676
0.962195
0.964357
0.964551
0.9654
0.964931
0.964441
0.964244
0.967663
0.969236
0.969522
0.969025
0.968748
0.968794
0.968577
0.968159
0.968253
0.96789
0.967632
0.968994
0.968799
0.96833
0.967886
0.968617
0.968134
0.967642
0.967455
0.967074
0.966612
0.966184
0.966375
0.965947
0.966358
0.966548
0.967105
0.967053
0.96721
0.966726
0.967096
0.966621
0.966204
0.965844
0.96539
0.965149
0.964876
0.965243
0.965189
0.965141
0.964697
0.964797
0.964585
0.964346
0.966055
0.965728
0.965311
0.966027
0.966308
0.966202
0.966769
0.966541
0.966287
0.965814
0.965939
0.965451
0.964962
0.96469
0.964229
0.963895
0.963484
0.963192
0.963416
0.963298
0.964212
0.964035
0.964002
0.963546
0.964514
0.964047
0.963562
0.96311
0.9627
0.962465
0.962489
0.962978
0.962679
0.962312
0.962099
0.962628
0.96393
0.963557
0.963072
0.96479
0.964864
0.964504
0.964029
0.96376
0.963661
0.963299
0.96372
0.963561
0.963298
0.963803
0.964779
0.964316
0.964549
0.965421
0.96546
0.965758
0.965295
0.96576
0.965284
0.964801
0.964419
0.964168
0.965119
0.96465
0.964319
0.963967
0.964043
0.964871
0.96443
0.963959
0.966855
0.967319
0.967207
0.966928
0.967453
0.967956
0.967658
0.96725
0.966777
0.966357
0.965986
0.966024
0.965592
0.965243
0.96496
0.965228
0.964951
0.967524
0.967305
0.966946
0.966471
0.965992
0.966627
0.966464
0.966929
0.969491
0.969016
0.968723
0.968376
0.96793
0.967732
0.967532
0.967079
0.966814
0.966399
0.966005
0.965531
0.965065
0.966236
0.965797
0.965544
0.965586
0.965145
0.964672
0.964504
0.964225
0.963785
0.963842
0.963655
0.963349
0.962876
0.962635
0.963159
0.962975
0.96253
0.962275
0.963898
0.963789
0.963865
0.963447
0.963067
0.963891
0.964113
0.964
0.964839
0.96496
0.96457
0.964351
0.964491
0.964959
0.964817
0.964349
0.964052
0.963683
0.963657
0.963189
0.962824
0.96242
0.962003
0.962207
0.96263
0.963431
0.962962
0.962496
0.963475
0.964543
0.965271
0.96485
0.964573
0.964152
0.963683
0.963269
0.962878
0.96304
0.963852
0.963536
0.96368
0.963231
0.96285
0.962414
0.962441
0.961974
0.961516
0.962742
0.962277
0.962502
0.962967
0.962532
0.962364
0.961992
0.961707
0.961415
0.961065
0.960606
0.96064
0.960207
0.960148
0.959683
0.959354
0.95889
0.95882
0.958366
0.957974
0.95767
0.957516
0.957171
0.956802
0.956349
0.956253
0.95641
0.955994
0.955825
0.955688
0.95585
0.955408
0.955023
0.955024
0.954735
0.954277
0.953979
0.95352
0.954886
0.955893
0.955588
0.957407
0.957645
0.957243
0.956845
0.95645
0.957904
0.957543
0.95902
0.959333
0.959287
0.958883
0.960999
0.962651
0.962194
0.962157
0.961945
0.961491
0.961461
0.961326
0.961036
0.96082
0.960458
0.960042
0.959584
0.95927
0.958839
0.959252
0.959035
0.958579
0.959213
0.961214
0.963959
0.963705
0.964335
0.963945
0.963489
0.963071
0.962738
0.962281
0.961892
0.962321
0.962434
0.96198
0.962631
0.962519
0.962508
0.96242
0.962605
0.962169
0.961802
0.96166
0.963151
0.963242
0.962791
0.964219
0.96403
0.963707
0.964323
0.96399
0.963723
0.963268
0.963003
0.962698
0.962649
0.962477
0.962033
0.961622
0.961515
0.961167
0.961696
0.96126
0.960974
0.96164
0.962466
0.962679
0.962507
0.962363
0.962667
0.965552
0.965295
0.965039
0.964597
0.964305
0.965186
0.964766
0.964759
0.964635
0.966539
0.966544
0.966152
0.965732
0.965631
0.965217
0.965811
0.965396
0.965162
0.964785
0.964422
0.964994
0.964641
0.964192
0.963744
0.963322
0.962886
0.963142
0.962694
0.962959
0.96253
0.9622
0.961984
0.962393
0.962505
0.962825
0.963014
0.962836
0.962705
0.962268
0.961824
0.961505
0.961105
0.96076
0.960332
0.959892
0.959516
0.959512
0.959496
0.959051
0.95973
0.959294
0.960554
0.960776
0.96041
0.960012
0.959603
0.960588
0.960288
0.961118
0.961077
0.960836
0.96045
0.960643
0.960264
0.960505
0.960213
0.95978
0.959946
0.959796
0.959999
0.95976
0.959568
0.959128
0.958992
0.95862
0.958539
0.958617
0.958406
0.959826
0.959982
0.959737
0.959682
0.959468
0.959511
0.959698
0.959438
0.959124
0.958915
0.958934
0.96019
0.959763
0.960183
0.960654
0.961735
0.962445
0.962419
0.962156
0.961885
0.961919
0.961806
0.963186
0.963106
0.963518
0.963078
0.96291
0.966316
0.967206
0.967111
0.968034
0.967602
0.967468
0.96717
0.966894
0.966461
0.966023
0.965691
0.965254
0.964825
0.964385
0.964216
0.966123
0.965799
0.965486
0.965087
0.964977
0.964607
0.964185
0.963801
0.963371
0.963241
0.962803
0.962507
0.962078
0.96262
0.962555
0.962191
0.961827
0.961408
0.961926
0.961606
0.96119
0.961163
0.963297
0.962985
0.962598
0.962178
0.962857
0.962689
0.962881
0.962618
0.962336
0.963466
0.963244
0.963207
0.962993
0.962995
0.963861
0.963763
0.963345
0.963622
0.96329
0.963776
0.964348
0.965296
0.964866
0.964541
0.964312
0.96475
0.964786
0.964516
0.964087
0.963677
0.964935
0.965156
0.965313
0.96489
0.965083
0.965555
0.965443
0.965149
0.965549
0.965116
0.965895
0.965462
0.966606
0.966255
0.966823
0.96645
0.966097
0.966123
0.965871
0.96588
0.966001
0.965569
0.965162
0.96576
0.965329
0.965137
0.964754
0.969194
0.968902
0.968616
0.969275
0.968879
0.968544
0.968154
0.967727
0.968626
0.968249
0.967818
0.967915
0.967699
0.967339
0.9671
0.966671
0.966405
0.965975
0.965546
0.965161
0.964748
0.964683
0.964592
0.964239
0.963811
0.966032
0.965783
0.96561
0.965285
0.964961
0.964554
0.965055
0.96563
0.965335
0.965592
0.965461
0.965058
0.965133
0.96479
0.964366
0.964485
0.964513
0.964135
0.964202
0.964933
0.965308
0.965224
0.965104
0.964718
0.964305
0.963881
0.963563
0.964525
0.964142
0.965446
0.965021
0.964692
0.964295
0.966643
0.966414
0.966073
0.966235
0.965898
0.965484
0.965249
0.966539
0.966128
0.965805
0.965458
0.9651
0.965113
0.96488
0.964473
0.964074
0.963854
0.963507
0.963084
0.962764
0.962428
0.962488
0.962547
0.962315
0.962174
0.961958
0.961615
0.961239
0.960819
0.96058
0.960251
0.960018
0.962941
0.962997
0.962576
0.962449
0.962578
0.962918
0.963133
0.962894
0.962547
0.962787
0.962388
0.962479
0.962237
0.961912
0.961722
0.961399
0.96324
0.962923
0.962828
0.962409
0.961991
0.961751
0.961435
0.961021
0.960644
0.961007
0.960699
0.96117
0.96101
0.960933
0.962718
0.962396
0.961997
0.961705
0.961799
0.961903
0.961547
0.961165
0.960897
0.960908
0.960766
0.961789
0.961563
0.961159
0.960881
0.960532
0.960118
0.959898
0.959725
0.959397
0.95949
0.959378
0.958968
0.9586
0.958214
0.958056
0.957853
0.957441
0.957113
0.956779
0.956447
0.956918
0.957543
0.957706
0.957976
0.95816
0.957771
0.957459
0.957063
0.956651
0.956768
0.956446
0.956065
0.956457
0.956221
0.95604
0.955937
0.956028
0.955669
0.9563
0.957398
0.95725
0.956838
0.957149
0.956744
0.956436
0.956197
0.956591
0.95618
0.956052
0.955854
0.955447
0.955059
0.954816
0.95601
0.955746
0.955364
0.955382
0.954974
0.954906
0.95592
0.95734
0.95698
0.959067
0.959473
0.959105
0.958716
0.960336
0.961338
0.961502
0.961378
0.961917
0.961562
0.963028
0.962916
0.962562
0.962231
0.961822
0.961435
0.961362
0.961216
0.960834
0.960842
0.961123
0.960876
0.960688
0.96028
0.962196
0.961969
0.961645
0.961309
0.961145
0.962011
0.96174
0.961336
0.960969
0.960574
0.96019
0.962968
0.964967
0.964574
0.96486
0.96599
0.966486
0.966137
0.965824
0.966593
0.966504
0.966188
0.965834
0.965579
0.967429
0.967086
0.966679
0.966427
0.966208
0.966892
0.96662
0.967209
0.966858
0.966737
0.966353
0.966091
0.965747
0.9664
0.966779
0.966456
0.967195
0.967246
0.96684
0.966457
0.967124
0.966818
0.966549
0.966182
0.966317
0.966186
0.965781
0.965383
0.965049
0.965455
0.965382
0.965351
0.96536
0.965064
0.965879
0.965537
0.965236
0.965352
0.965488
0.96529
0.968218
0.968309
0.967922
0.967597
0.968164
0.967781
0.967429
0.967361
0.967156
0.967336
0.967204
0.966936
0.967722
0.967433
0.96759
0.967733
0.968345
0.967943
0.967688
0.967684
0.967349
0.967122
0.966722
0.966369
0.965973
0.965984
0.965724
0.96547
0.965261
0.964899
0.964511
0.964144
0.96375
0.963351
0.962952
0.962604
0.962653
0.965355
0.965026
0.964631
0.964685
0.964323
0.964004
0.963747
0.964118
0.964516
0.964199
0.963932
0.963591
0.963279
0.963098
0.962876
0.962721
0.962377
0.961996
0.961809
0.961875
0.961479
0.961127
0.962344
0.961953
0.962558
0.962172
0.961776
0.961382
0.960989
0.960703
0.960357
0.960289
0.959897
0.959722
0.959502
0.959509
0.959116
0.959693
0.959304
0.959123
0.958811
0.959345
0.9592
0.959462
0.96025
0.960142
0.959776
0.96077
0.960436
0.960422
0.960324
0.959988
0.96004
0.959996
0.959627
0.959242
0.958958
0.958653
0.95852
0.95845
0.958323
0.957947
0.957615
0.957491
0.957422
0.95719
0.957072
0.956681
0.957845
0.957791
0.95751
0.957637
0.957949
0.957672
0.957289
0.957201
0.956913
0.957054
0.957069
0.956838
0.956992
0.957502
0.957239
0.95762
0.957328
0.957344
0.957131
0.956745
0.956355
0.957051
0.956782
0.958757
0.958445
0.958697
0.958476
0.958102
0.958318
0.958894
0.958803
0.95883
0.960337
0.962776
0.963032
0.962667
0.962623
0.962498
0.962392
0.962032
0.961643
0.961287
0.960915
0.961659
0.961368
0.961116
0.960745
0.960843
0.960474
0.960877
0.960605
0.960224
0.960283
0.960196
0.959815
0.959713
0.959332
0.959276
0.959564
0.959177
0.958859
0.958476
0.959399
0.959164
0.958928
0.95855
0.958256
0.957875
0.957493
0.957497
0.95713
0.956808
0.956552
0.956168
0.955931
0.955922
0.955824
0.95544
0.955185
0.954823
0.954512
0.954699
0.954607
0.954289
0.955467
0.955092
0.954709
0.954396
0.954993
0.954627
0.955999
0.955935
0.956463
0.956251
0.956214
0.955909
0.955532
0.955636
0.955818
0.955436
0.95577
0.955433
0.955418
0.955069
0.954794
0.955589
0.95552
0.955139
0.954807
0.954613
0.954618
0.954237
0.955085
0.954875
0.954505
0.954341
0.954494
0.954145
0.95451
0.955465
0.955393
0.955053
0.954672
0.954294
0.95433
0.95502
0.95466
0.954514
0.954779
0.954401
0.954254
0.954333
0.954548
0.954246
0.955216
0.955696
0.955385
0.955011
0.954905
0.956327
0.955983
0.955704
0.956251
0.956568
0.956193
0.956083
0.956846
0.956475
0.9562
0.955827
0.955771
0.956396
0.956902
0.956525
0.956297
0.955934
0.956062
0.955836
0.955689
0.955384
0.955015
0.955179
0.955059
0.954937
0.95456
0.954376
0.954458
0.954275
0.955357
0.955045
0.954668
0.954482
0.954291
0.953918
0.953544
0.953168
0.953831
0.953935
0.954172
0.954175
0.953968
0.953616
0.953384
0.953017
0.952694
0.952325
0.951968
0.951653
0.951638
0.951264
0.950905
0.951053
0.950849
0.950865
0.950636
0.95141
0.951123
0.950835
0.950773
0.950719
0.950441
0.950937
0.950625
0.950294
0.949924
0.950824
0.952614
0.952427
0.952352
0.952102
0.952391
0.952821
0.952557
0.952367
0.952224
0.951854
0.951898
0.951703
0.951352
0.951492
0.951192
0.950848
0.950489
0.950483
0.950118
0.949749
0.949801
0.950591
0.95047
0.951002
0.950644
0.950673
0.95049
0.950296
0.950017
0.949759
0.949476
0.949196
0.948826
0.949381
0.949043
0.949015
0.948645
0.948756
0.949585
0.949297
0.949059
0.948719
0.948384
0.948099
0.947742
0.947374
0.947006
0.946705
0.946376
0.946373
0.946005
0.946485
0.947242
0.947045
0.948078
0.948614
0.948247
0.948514
0.948368
0.948053
0.94771
0.947353
0.94733
0.947272
0.947304
0.946937
0.946633
0.946561
0.946547
0.946871
0.946518
0.946213
0.946503
0.946139
0.946004
0.946296
0.946367
0.946015
0.945677
0.945338
0.945204
0.946784
0.946527
0.947193
0.946839
0.946728
0.946507
0.946767
0.946492
0.946128
0.945782
0.945554
0.945218
0.945084
0.946076
0.946406
0.946042
0.945678
0.94547
0.948344
0.948037
0.948191
0.947915
0.947596
0.947871
0.947625
0.947616
0.94845
0.948086
0.947723
0.947546
0.947344
0.947469
0.947235
0.946871
0.946614
0.946339
0.946379
0.946325
0.946516
0.94616
0.946176
0.945817
0.94551
0.945214
0.945479
0.945125
0.94494
0.945069
0.944772
0.944762
0.944409
0.946576
0.946789
0.946581
0.946942
0.946697
0.946357
0.946173
0.945913
0.945556
0.945651
0.945987
0.945822
0.946057
0.946057
0.945865
0.946552
0.946226
0.945868
0.945786
0.946376
0.946116
0.9458
0.945452
0.945186
0.94492
0.944564
0.944204
0.943988
0.944624
0.944613
0.944309
0.943996
0.943887
0.943576
0.943314
0.943311
0.943057
0.9427
0.942659
0.942376
0.942334
0.94204
0.942681
0.942566
0.94239
0.942076
0.942781
0.942434
0.942122
0.941801
0.942459
0.942929
0.948608
0.948744
0.949263
0.948969
0.948631
0.948287
0.949755
0.949414
0.950899
0.950551
0.950242
0.949949
0.949768
0.951934
0.951612
0.951471
0.951706
0.951355
0.951119
0.951768
0.951675
0.951318
0.950964
0.950692
0.9504
0.950059
0.94999
0.950483
0.95084
0.95056
0.950216
0.949975
0.949646
0.949957
0.94962
0.949826
0.949569
0.949374
0.951301
0.950947
0.950766
0.951527
0.951969
0.952809
0.9544
0.954447
0.955443
0.955109
0.954847
0.9546
0.954499
0.954151
0.953795
0.953658
0.95342
0.953072
0.95274
0.95241
0.952146
0.952241
0.952533
0.952185
0.951965
0.951788
0.951435
0.951476
0.951481
0.951146
0.95091
0.950557
0.950507
0.950156
0.949989
0.949968
0.950163
0.950728
0.952713
0.95237
0.952274
0.952042
0.951711
0.951888
0.952137
0.952498
0.953134
0.952847
0.9536
0.953248
0.953315
0.953278
0.952931
0.952664
0.952743
0.952493
0.95236
0.952271
0.952585
0.952639
0.952312
0.952021
0.951753
0.95184
0.951623
0.95135
0.951007
0.950691
0.951238
0.952553
0.952205
0.952002
0.951758
0.951487
0.951544
0.951195
0.950956
0.951078
0.950826
0.950681
0.95203
0.951686
0.951728
0.951686
0.95148
0.951188
0.951672
0.951338
0.951163
0.950972
0.950984
0.950654
0.95069
0.950445
0.950353
0.951221
0.951045
0.950919
0.950608
0.95035
0.950001
0.950036
0.949689
0.949342
0.949098
0.948803
0.950393
0.950128
0.95076
0.950628
0.950682
0.950669
0.950326
0.950197
0.950416
0.950382
0.950055
0.949816
0.94947
0.949434
0.950063
0.949826
0.949479
0.949145
0.948869
0.949152
0.949258
0.948942
0.948829
0.94852
0.948361
0.948265
0.94819
0.94786
0.947601
0.949057
0.948717
0.948495
0.948726
0.948611
0.949754
0.950286
0.949978
0.949831
0.950095
0.949759
0.949475
0.949802
0.949612
0.949276
0.948982
0.948637
0.948292
0.948629
0.948473
0.948334
0.948139
0.947808
0.947987
0.947744
0.947438
0.947094
0.946905
0.946576
0.946405
0.946197
0.947576
0.947274
0.947489
0.947755
0.947705
0.947629
0.94769
0.947381
0.947188
0.946846
0.946634
0.946369
0.946075
0.945847
0.945505
0.945207
0.944979
0.944637
0.944421
0.944321
0.944005
0.943665
0.943324
0.943531
0.943287
0.944195
0.944008
0.943682
0.943369
0.943057
0.943101
0.942764
0.942803
0.943498
0.943277
0.943222
0.943174
0.943108
0.9428
0.942556
0.943957
0.944544
0.944222
0.944198
0.943897
0.943575
0.943243
0.942906
0.942578
0.942242
0.94218
0.941881
0.941602
0.941376
0.941038
0.94245
0.942882
0.942796
0.942753
0.942776
0.942464
0.94233
0.94397
0.943727
0.943418
0.94346
0.943686
0.943718
0.943454
0.943309
0.943001
0.943408
0.944101
0.944353
0.944949
0.944619
0.946721
0.947129
0.946886
0.94866
0.948344
0.948025
0.949115
0.948816
0.948966
0.948629
0.948307
0.948392
0.948056
0.947824
0.947496
0.947197
0.946976
0.946838
0.946558
0.947215
0.946884
0.946549
0.946512
0.946262
0.945928
0.946661
0.94665
0.946346
0.946931
0.946824
0.946836
0.946542
0.946209
0.94599
0.946288
0.946221
0.945886
0.945879
0.945626
0.945298
0.944986
0.944774
0.945125
0.945305
0.945009
0.945306
0.944984
0.944759
0.945147
0.944968
0.945149
0.945442
0.94544
0.945386
0.945053
0.945013
0.944732
0.944817
0.944546
0.945649
0.945558
0.945226
0.944893
0.945181
0.944865
0.944558
0.944442
0.944231
0.944078
0.943896
0.944271
0.944237
0.943963
0.943631
0.944296
0.944044
0.943729
0.94341
0.943303
0.94318
0.94352
0.943198
0.94292
0.94276
0.942469
0.942161
0.94189
0.942941
0.943119
0.942791
0.942461
0.942141
0.942652
0.942331
0.942095
0.941778
0.941449
0.941136
0.940867
0.940765
0.940906
0.940799
0.940658
0.94101
0.94068
0.940377
0.940403
0.940222
0.939902
0.941058
0.940796
0.9419
0.942298
0.942303
0.942319
0.941989
0.94166
0.941566
0.942063
0.942513
0.942747
0.942539
0.94221
0.941907
0.942426
0.942525
0.94221
0.942177
0.94185
0.942087
0.942252
0.94202
0.943461
0.943799
0.943488
0.943241
0.943034
0.942709
0.942689
0.942416
0.943089
0.943049
0.94279
0.942462
0.94244
0.942215
0.942167
0.941846
0.941797
0.94148
0.941474
0.94212
0.942316
0.942344
0.942049
0.942613
0.94229
0.942312
0.941985
0.942026
0.942332
0.942069
0.942733
0.942407
0.943126
0.942833
0.942521
0.943659
0.943698
0.943388
0.943753
0.943427
0.943153
0.942827
0.94435
0.945148
0.944857
0.945972
0.945707
0.945575
0.946184
0.945861
0.945886
0.945716
0.945917
0.946641
0.946315
0.946447
0.946147
0.945886
0.94556
0.945607
0.945578
0.945255
0.944942
0.944617
0.944872
0.944849
0.944714
0.944955
0.944647
0.945091
0.945094
0.945057
0.944781
0.944516
0.944238
0.945596
0.945479
0.945156
0.944964
0.944643
0.945137
0.945134
0.945587
0.945488
0.945166
0.945337
0.945015
0.946653
0.946504
0.946599
0.946464
0.946654
0.947396
0.949494
0.949243
0.949009
0.948981
0.948674
0.948463
0.948429
0.948233
0.948396
0.948673
0.948519
0.948459
0.948229
0.947929
0.948471
0.948159
0.947957
0.948161
0.94784
0.950208
0.949931
0.949845
0.94996
0.949692
0.949371
0.949291
0.949014
0.948717
0.948555
0.948622
0.949359
0.949044
0.948765
0.948536
0.948753
0.948435
0.948338
0.949028
0.948717
0.948397
0.94809
0.948005
0.947714
0.947399
0.947127
0.946807
0.947058
0.947735
0.947434
0.947113
0.947129
0.946871
0.946551
0.946334
0.946598
0.946796
0.946914
0.947023
0.946858
0.946785
0.946491
0.946454
0.946605
0.946349
0.946239
0.947424
0.947435
0.94712
0.947836
0.947594
0.947506
0.947188
0.947022
0.947157
0.947513
0.947206
0.947164
0.947205
0.947059
0.947445
0.948694
0.948383
0.948076
0.948109
0.948659
0.948845
0.948526
0.949206
0.950244
0.949959
0.950096
0.950727
0.950524
0.950731
0.950754
0.950463
0.951464
0.951287
0.951445
0.951308
0.951009
0.951258
0.952928
0.952699
0.952561
0.952777
0.952458
0.952625
0.952311
0.952283
0.952333
0.952032
0.952334
0.952102
0.952052
0.952732
0.952491
0.952325
0.953414
0.953903
0.953707
0.953895
0.953605
0.953323
0.953202
0.952949
0.952668
0.952355
0.952688
0.952676
0.952471
0.952199
0.951887
0.951629
0.951548
0.951267
0.950989
0.950894
0.951106
0.950798
0.950519
0.950346
0.950355
0.950274
0.950013
0.949794
0.94979
0.949559
0.949302
0.948989
0.950238
0.950065
0.949753
0.950172
0.950235
0.950661
0.950352
0.950115
0.950169
0.951018
0.950706
0.950394
0.950703
0.950562
0.950257
0.949946
0.949636
0.949627
0.949418
0.949177
0.948865
0.948647
0.950474
0.950171
0.950075
0.950714
0.950417
0.950131
0.95057
0.950257
0.949972
0.950114
0.949804
0.949974
0.949671
0.949367
0.949063
0.948925
0.948908
0.948675
0.948578
0.948348
0.94804
0.949419
0.950435
0.950381
0.950311
0.950201
0.950017
0.952277
0.952155
0.952087
0.951857
0.954186
0.954868
0.954555
0.954301
0.954072
0.955535
0.955281
0.95497
0.954871
0.95456
0.954249
0.95499
0.954687
0.954509
0.954564
0.954626
0.954314
0.954726
0.955266
0.955013
0.955278
0.955676
0.955873
0.955887
0.957421
0.958061
0.957779
0.95749
0.957262
0.958582
0.958556
0.958446
0.958274
0.958194
0.958194
0.95795
0.958041
0.95775
0.957817
0.957542
0.957371
0.957084
0.956785
0.956599
0.956291
0.95674
0.956581
0.956575
0.957398
0.957145
0.95684
0.956553
0.956942
0.95669
0.956552
0.956245
0.956389
0.956079
0.955773
0.955636
0.955441
0.955135
0.954827
0.954656
0.955336
0.955613
0.955393
0.955315
0.955178
0.95487
0.954694
0.954703
0.95455
0.954861
0.95507
0.954869
0.954863
0.954565
0.954313
0.955144
0.955212
0.95496
0.956151
0.956911
0.956639
0.956382
0.956238
0.955973
0.956889
0.957505
0.957258
0.957107
0.956816
0.95651
0.956279
0.956005
0.956057
0.955763
0.955504
0.955292
0.955104
0.954806
0.954547
0.954308
0.954447
0.954257
0.954003
0.954753
0.955186
0.954903
0.954733
0.954428
0.954125
0.953956
0.954327
0.954251
0.953963
0.953744
0.953553
0.953814
0.953512
0.953212
0.953276
0.953166
0.952868
0.952563
0.953365
0.953169
0.953399
0.953783
0.953777
0.953487
0.953429
0.954083
0.954379
0.954106
0.954022
0.954227
0.954306
0.954009
0.953709
0.953417
0.953291
0.952999
0.953302
0.953
0.953061
0.952759
0.952608
0.952318
0.952041
0.951758
0.951609
0.951958
0.951694
0.952335
0.952163
0.952605
0.952508
0.95332
0.953084
0.952845
0.952546
0.953876
0.953583
0.953402
0.953098
0.953152
0.953276
0.953263
0.954334
0.954064
0.953811
0.954188
0.953898
0.953596
0.953498
0.95337
0.953525
0.95457
0.954319
0.957895
0.957752
0.957538
0.957268
0.95722
0.956917
0.956771
0.956614
0.956494
0.956948
0.956644
0.956472
0.957677
0.957375
0.957074
0.956814
0.956553
0.956386
0.956085
0.956637
0.956342
0.956676
0.956423
0.95658
0.956278
0.956151
0.955849
0.956077
0.956282
0.956014
0.955714
0.955414
0.955614
0.956344
0.956056
0.955765
0.955526
0.95568
0.956197
0.955928
0.955674
0.955421
0.955363
0.955247
0.954946
0.954666
0.95478
0.954496
0.954313
0.954635
0.954338
0.954875
0.955372
0.955207
0.954944
0.95552
0.955333
0.955589
0.956196
0.956321
0.95648
0.956528
0.956228
0.95614
0.95585
0.955578
0.955555
0.955627
0.955682
0.955548
0.955285
0.955086
0.954794
0.954554
0.955128
0.955318
0.955062
0.954932
0.954633
0.954356
0.954131
0.954355
0.95439
0.954442
0.954329
0.954052
0.953754
0.953676
0.953688
0.953404
0.953158
0.9531
0.953181
0.952883
0.952624
0.952499
0.952284
0.95238
0.952082
0.951884
0.952487
0.9526
0.952361
0.952333
0.952036
0.951961
0.951811
0.951943
0.951663
0.95159
0.951335
0.951587
0.951298
0.951196
0.950911
0.950704
0.950419
0.950812
0.95065
0.950366
0.950138
0.949842
0.949658
0.949422
0.954096
0.954016
0.953772
0.953491
0.954123
0.953939
0.953679
0.953476
0.954307
0.954064
0.9538
0.953512
0.953278
0.953207
0.953499
0.953691
0.953578
0.953465
0.953233
0.953401
0.953161
0.953011
0.952717
0.954544
0.955405
0.955117
0.954836
0.954542
0.954253
0.95417
0.954027
0.954133
0.95419
0.95397
0.953678
0.953483
0.953195
0.953649
0.953422
0.95313
0.953815
0.954205
0.953911
0.95371
0.953938
0.953787
0.953525
0.95432
0.954252
0.954059
0.954051
0.953988
0.953696
0.953423
0.953456
0.953271
0.952977
0.952683
0.952406
0.953718
0.953545
0.95332
0.953993
0.953878
0.954355
0.958211
0.95793
0.957706
0.957428
0.957454
0.957164
0.957074
0.958852
0.958575
0.958535
0.95829
0.959501
0.959431
0.959268
0.958975
0.959197
0.958931
0.958769
0.958477
0.958237
0.95824
0.957947
0.958978
0.958752
0.958583
0.958298
0.95801
0.95797
0.957689
0.957588
0.957308
0.957162
0.957484
0.957198
0.957569
0.957326
0.957527
0.958027
0.95774
0.957518
0.957316
0.957024
0.956734
0.956467
0.956349
0.956799
0.956642
0.956634
0.956357
0.956066
0.956372
0.956765
0.95649
0.956252
0.956175
0.956546
0.956318
0.956046
0.956386
0.956706
0.956416
0.956134
0.956193
0.95617
0.956453
0.956206
0.956854
0.956629
0.956791
0.956863
0.959375
0.959128
0.958854
0.958648
0.958736
0.958469
0.958494
0.958853
0.958579
0.958579
0.95834
0.958723
0.958472
0.958359
0.958083
0.958331
0.958043
0.958398
0.958296
0.958035
0.957749
0.957491
0.957329
0.957073
0.9571
0.956819
0.95669
0.956418
0.956944
0.956689
0.956473
0.95626
0.955982
0.956134
0.955879
0.956282
0.955993
0.955805
0.955583
0.955653
0.955364
0.955604
0.955709
0.955605
0.956087
0.956154
0.955902
0.955739
0.955676
0.95543
0.955215
0.955328
0.955062
0.956223
0.956974
0.956881
0.956625
0.95647
0.956182
0.956084
0.955798
0.958278
0.958008
0.957915
0.958022
0.958255
0.959295
0.959775
0.960061
0.960037
0.960298
0.960029
0.960327
0.960072
0.960088
0.959875
0.960517
0.960287
0.960004
0.959736
0.959568
0.959297
0.95902
0.959206
0.958933
0.958722
0.958473
0.958282
0.958361
0.959099
0.958923
0.958648
0.958482
0.958569
0.958286
0.958116
0.957858
0.957575
0.957298
0.95716
0.956894
0.957107
0.956859
0.956701
0.956506
0.956248
0.956281
0.956143
0.956025
0.955806
0.956438
0.956212
0.956101
0.955941
0.956087
0.956157
0.956056
0.955797
0.956656
0.956821
0.957271
0.95704
0.956805
0.95657
0.957062
0.956779
0.956813
0.956612
0.95635
0.956074
0.955866
0.955643
0.955509
0.955796
0.95567
0.955871
0.955632
0.955966
0.955698
0.955631
0.955359
0.958996
0.95899
0.958801
0.958518
0.95827
0.958045
0.957774
0.957491
0.957251
0.956995
0.957808
0.957955
0.958296
0.958158
0.959385
0.959172
0.959879
0.959725
0.95961
0.960138
0.959876
0.9596
0.959535
0.959765
0.959482
0.959201
0.959388
0.95911
0.959526
0.959402
0.962622
0.96234
0.962203
0.963652
0.963421
0.963327
0.963126
0.963007
0.962846
0.962563
0.962572
0.964146
0.963957
0.966134
0.965891
0.965719
0.965437
0.965176
0.964957
0.96509
0.964922
0.964742
0.964567
0.964359
0.964438
0.964196
0.964542
0.964379
0.964127
0.964032
0.963946
0.964045
0.963847
0.963579
0.963965
0.964579
0.964343
0.964128
0.96388
0.963825
0.963563
0.963401
0.964932
0.965547
0.965269
0.96507
0.964798
0.964533
0.964253
0.964281
0.964205
0.964319
0.96446
0.964536
0.964302
0.964397
0.964768
0.96449
0.964559
0.964659
0.964551
0.96427
0.964363
0.964097
0.963893
0.964384
0.964322
0.964818
0.964548
0.964663
0.964727
0.965012
0.964733
0.96467
0.964436
0.96421
0.965625
0.965374
0.965105
0.964938
0.964713
0.964945
0.965027
0.966118
0.966296
0.966119
0.965868
0.965621
0.965504
0.965856
0.965578
0.965348
0.965333
0.965185
0.965145
0.965982
0.965803
0.965789
0.965526
0.965257
0.964986
0.965024
0.965256
0.965326
0.965047
0.964966
0.965004
0.964952
0.965374
0.965107
0.96488
0.965611
0.965723
0.965581
0.965548
0.965424
0.965158
0.965246
0.964983
0.964758
0.964599
0.964334
0.964562
0.964309
0.964048
0.964335
0.964151
0.964046
0.963779
0.964472
0.966598
0.967812
0.968201
0.967933
0.969308
0.969058
0.968813
0.968535
0.96835
0.968649
0.968384
0.968227
0.968752
0.968486
0.968335
0.968058
0.967876
0.968514
0.968473
0.968225
0.968008
0.968091
0.967815
0.967665
0.967395
0.968402
0.968203
0.967932
0.968041
0.967848
0.968299
0.968302
0.96803
0.967754
0.967675
0.967956
0.967817
0.967968
0.967693
0.967894
0.968087
0.968085
0.967921
0.967656
0.968228
0.96799
0.967717
0.968379
0.968224
0.968664
0.968788
0.968513
0.968246
0.968093
0.967833
0.967654
0.968474
0.968433
0.968187
0.968462
0.968226
0.968367
0.96811
0.968066
0.96779
0.967571
0.967297
0.967029
0.966826
0.967457
0.967536
0.967266
0.967373
0.967296
0.96773
0.967468
0.967789
0.968062
0.967927
0.968644
0.968656
0.969327
0.969059
0.970391
0.970317
0.970706
0.970455
0.970322
0.970047
0.96982
0.969545
0.969303
0.969055
0.968913
0.97102
0.970748
0.970494
0.970437
0.970557
0.970628
0.971001
0.970883
0.970609
0.970866
0.97062
0.97046
0.97295
0.972787
0.972518
0.973201
0.973124
0.972885
0.974461
0.974226
0.974054
0.973812
0.97385
0.973621
0.973348
0.973189
0.972916
0.972666
0.972769
0.972588
0.972496
0.972223
0.975489
0.975261
0.975053
0.975055
0.974787
0.977071
0.976969
0.976695
0.976536
0.976384
0.976112
0.976106
0.97588
0.975707
0.975927
0.97574
0.975472
0.975449
0.976658
0.976389
0.976116
0.975929
0.97642
0.976523
0.978513
0.978566
0.978303
0.978113
0.977857
0.977607
0.977955
0.9777
0.977491
0.977231
0.977066
0.977201
0.977066
0.976871
0.976599
0.976674
0.976698
0.976629
0.980703
0.980473
0.980947
0.980674
0.981138
0.980996
0.980813
0.980556
0.980594
0.98059
0.98036
0.980137
0.980414
0.980433
0.980162
0.979912
0.97965
0.979413
0.97936
0.979526
0.979519
0.979247
0.979008
0.978749
0.979186
0.978982
0.979961
0.980225
0.979958
0.979965
0.979701
0.979678
0.979423
0.979156
0.978903
0.979031
0.978874
0.979024
0.978899
0.978897
0.97879
0.978537
0.978308
0.978352
0.978326
0.979527
0.979323
0.980008
0.981003
0.981005
0.980745
0.980477
0.98025
0.980042
0.979792
0.97981
0.980012
0.980319
0.980321
0.980436
0.980168
0.980079
0.980063
0.979944
0.979678
0.979416
0.979812
0.979564
0.979397
0.979205
0.97943
0.979206
0.97923
0.979256
0.979009
0.97913
0.979035
0.978778
0.978593
0.978376
0.978337
0.978238
0.978161
0.978007
0.977814
0.977638
0.977415
0.977207
0.976945
0.976685
0.981033
0.982388
0.982666
0.982818
0.98318
0.983504
0.983463
0.983233
0.98297
0.983308
0.984971
0.984875
0.984639
0.984772
0.984775
0.984517
0.984278
0.984826
0.984556
0.984401
0.984593
0.984365
0.984121
0.984603
0.984752
0.985394
0.985252
0.985012
0.984846
0.985128
0.985285
0.985474
0.985212
0.98496
0.98474
0.984544
0.985324
0.985143
0.984876
0.98507
0.984832
0.984564
0.984309
0.984113
0.984001
0.983921
0.983828
0.9837
0.983436
0.983195
0.982927
0.984546
0.984372
0.984324
0.984466
0.984208
0.984729
0.985041
0.985236
0.984972
0.984775
0.98525
0.985168
0.984918
0.984673
0.984699
0.984494
0.984351
0.984085
0.984219
0.984177
0.984515
0.984605
0.984522
0.984261
0.984107
0.983963
0.984222
0.984483
0.984285
0.984326
0.984199
0.984289
0.984119
0.984302
0.984383
0.985127
0.985157
0.985031
0.986468
0.98637
0.986103
0.985837
0.985621
0.985356
0.985325
0.985059
0.985084
0.984863
0.984741
0.98449
0.984233
0.98399
0.985227
0.984974
0.985624
0.985484
0.985235
0.984991
0.984728
0.984731
0.984487
0.984551
0.984294
0.984068
0.984093
0.983954
0.98369
0.983917
0.983767
0.983942
0.98393
0.983666
0.983507
0.983423
0.98316
0.982907
0.982992
0.982749
0.982871
0.982639
0.982523
0.982361
0.9821
0.98192
0.981665
0.981795
0.981844
0.981617
0.981496
0.981233
0.980969
0.980908
0.980719
0.980494
0.980642
0.980617
0.981244
0.981904
0.981681
0.981536
0.981493
0.98126
0.981199
0.980936
0.980711
0.980456
0.980885
0.981017
0.981207
0.981468
0.981364
0.981102
0.980858
0.980615
0.981228
0.981068
0.980814
0.980729
0.980535
0.980279
0.980018
0.979838
0.979689
0.979433
0.97933
0.979261
0.980111
0.979848
0.979885
0.980223
0.980421
0.980161
0.980545
0.980396
0.980134
0.980228
0.981148
0.980887
0.98069
0.980996
0.980909
0.980738
0.980811
0.980762
0.980559
0.980372
0.980212
0.980201
0.980599
0.980535
0.980424
0.980196
0.981402
0.981173
0.980916
0.983304
0.98338
0.983136
0.9831
0.983774
0.983542
0.983318
0.983557
0.983299
0.98307
0.982906
0.982705
0.983627
0.983367
0.983237
0.982984
0.982736
0.982475
0.98228
0.982334
0.982152
0.982318
0.982057
0.981904
0.981658
0.98144
0.981195
0.980936
0.98118
0.980965
0.980749
0.980961
0.980759
0.980513
0.980454
0.980259
0.980208
0.979952
0.97972
0.979526
0.979267
0.979677
0.979842
0.979862
0.981782
0.981769
0.981511
0.981313
0.982187
0.981963
0.982025
0.981919
0.981745
0.981485
0.981242
0.981163
0.980922
0.980726
0.980467
0.982951
0.983264
0.983107
0.982848
0.982876
0.98374
0.983895
0.983908
0.983649
0.983486
0.983236
0.983262
0.98304
0.983038
0.982948
0.98278
0.982797
0.982543
0.9826
0.982507
0.982292
0.982185
0.98195
0.982115
0.981907
0.981897
0.981639
0.981476
0.981295
0.982188
0.98193
0.981695
0.981437
0.982253
0.982042
0.981787
0.98154
0.981785
0.981715
0.982804
0.982697
0.982586
0.982367
0.982111
0.982065
0.981813
0.981637
0.982953
0.983333
0.983162
0.983473
0.983248
0.983007
0.982822
0.982648
0.982616
0.982394
0.982162
0.982498
0.982714
0.982514
0.982444
0.982243
0.982353
0.982102
0.982138
0.981933
0.981822
0.982374
0.982164
0.982164
0.981972
0.98228
0.982127
0.982334
0.982108
0.982021
0.981885
0.981644
0.981514
0.981534
0.981653
0.981465
0.981296
0.981065
0.980811
0.980612
0.981652
0.984351
0.984259
0.984085
0.98439
0.984527
0.984304
0.98412
0.984188
0.983933
0.984366
0.984128
0.983873
0.984217
0.983999
0.983748
0.984681
0.984866
0.985976
0.985766
0.985556
0.9853
0.9851
0.985047
0.984967
0.984712
0.984849
0.98463
0.984377
0.984122
0.983895
0.983865
0.983618
0.98351
0.98346
0.98381
0.983609
0.983423
0.983681
0.983603
0.983557
0.983365
0.983192
0.982938
0.983123
0.983227
0.982979
0.982939
0.98445
0.98431
0.984089
0.983881
0.984108
0.984313
0.984385
0.984132
0.983887
0.983633
0.983805
0.983681
0.983448
0.983213
0.983002
0.983244
0.983165
0.983004
0.984022
0.98423
0.984
0.983794
0.983632
0.983476
0.983456
0.983231
0.983177
0.98334
0.983258
0.983011
0.982769
0.982594
0.98239
0.982762
0.982656
0.982513
0.983089
0.982948
0.98275
0.982593
0.983229
0.982978
0.982869
0.982629
0.982703
0.982457
0.982434
0.982285
0.982121
0.98194
0.981979
0.981735
0.981487
0.98179
0.981611
0.981378
0.981132
0.980897
0.980657
0.980531
0.980289
0.980949
0.980712
0.98052
0.980696
0.980504
0.981537
0.981726
0.982227
0.982006
0.981781
0.981971
0.98299
0.982759
0.982924
0.983128
0.983108
0.982863
0.983129
0.982948
0.9827
0.982755
0.982559
0.982411
0.982208
0.982088
0.982021
0.982288
0.982593
0.982645
0.982403
0.982263
0.982133
0.982366
0.982671
0.982446
0.982405
0.982205
0.981961
0.98188
0.981629
0.981425
0.981227
0.981424
0.981189
0.98114
0.980895
0.980658
0.980443
0.980224
0.980122
0.980133
0.97998
0.979732
0.97957
0.979533
0.979488
0.979285
0.979036
0.979162
0.978914
0.978681
0.97846
0.978221
0.979467
0.979225
0.979121
0.979369
0.979403
0.979724
0.979634
0.979402
0.979153
0.979376
0.979375
0.979416
0.979233
0.979011
0.978998
0.979219
0.978987
0.978987
0.978763
0.978546
0.978389
0.97815
0.978223
0.978031
0.977783
0.977812
0.977651
0.978493
0.978562
0.978346
0.97825
0.97806
0.977812
0.977565
0.977608
0.977514
0.977267
0.97702
0.976811
0.9773
0.97717
0.97704
0.977031
0.977109
0.977288
0.977045
0.977432
0.977226
0.9778
0.978372
0.978125
0.978224
0.977977
0.977923
0.9777
0.977456
0.977213
0.977494
0.977499
0.977354
0.977188
0.977259
0.977076
0.977428
0.977445
0.977589
0.977414
0.977169
0.977144
0.976901
0.977034
0.976976
0.977094
0.976881
0.976649
0.977144
0.976963
0.976834
0.977208
0.977567
0.97747
0.977237
0.977425
0.977697
0.978311
0.978202
0.978185
0.978095
0.977886
0.977831
0.978021
0.97791
0.977702
0.977779
0.978049
0.977906
0.978228
0.977984
0.978012
0.97783
0.977647
0.978128
0.978234
0.978026
0.977797
0.977917
0.977736
0.977758
0.977928
0.978009
0.978152
0.978551
0.978604
0.978386
0.978425
0.978249
0.978059
0.977846
0.97802
0.977877
0.977926
0.978001
0.977801
0.977587
0.977761
0.978742
0.979206
0.979063
0.97885
0.97861
0.978661
0.978519
0.978664
0.978593
0.978553
0.978417
0.978172
0.978306
0.978251
0.97803
0.977988
0.97806
0.977823
0.977579
0.977336
0.97714
0.977416
0.977761
0.977736
0.977742
0.977505
0.977301
0.977155
0.977513
0.977381
0.977182
0.976947
0.976705
0.976992
0.97681
0.976652
0.976545
0.976635
0.976392
0.976161
0.976827
0.976794
0.978111
0.977868
0.977754
0.978105
0.977923
0.977687
0.977723
0.977535
0.977315
0.977111
0.976875
0.97674
0.976509
0.976327
0.976159
0.976202
0.975979
0.975738
0.975766
0.975554
0.975332
0.975203
0.974961
0.975348
0.976018
0.975882
0.975641
0.975432
0.975235
0.975085
0.97529
0.975065
0.974845
0.974603
0.975621
0.975384
0.975171
0.975123
0.975211
0.975116
0.974883
0.975346
0.97535
0.975125
0.975375
0.975249
0.975206
0.974972
0.975092
0.975229
0.975181
0.975126
0.974885
0.974646
0.974634
0.974393
0.974277
0.974318
0.97441
0.974588
0.974347
0.974137
0.973906
0.973878
0.973953
0.973724
0.973504
0.973263
0.973112
0.972904
0.973317
0.973076
0.973046
0.972852
0.972689
0.972473
0.972261
0.972359
0.972492
0.972595
0.972372
0.972134
0.971903
0.971735
0.971667
0.971448
0.971233
0.971069
0.970881
0.970809
0.970685
0.970469
0.970308
0.97033
0.970178
0.970257
0.97018
0.97011
0.96997
0.970279
0.971087
0.972935
0.972821
0.972717
0.972666
0.973143
0.972929
0.972781
0.972682
0.972469
0.972255
0.973065
0.972838
0.972604
0.972379
0.972499
0.972671
0.972639
0.972601
0.972875
0.973017
0.9728
0.972976
0.972892
0.972659
0.972507
0.972301
0.972275
0.972039
0.972284
0.972204
0.972122
0.972645
0.972487
0.972254
0.972028
0.972147
0.971915
0.9725
0.972267
0.972126
0.972423
0.972938
0.973087
0.972883
0.972645
0.973107
0.972942
0.972745
0.972554
0.972317
0.97209
0.971857
0.971624
0.971547
0.971379
0.971463
0.971226
0.97225
0.973146
0.973038
0.973233
0.973033
0.973451
0.973214
0.973229
0.973254
0.973521
0.974584
0.974354
0.974187
0.974056
0.97391
0.97377
0.973991
0.973912
0.973968
0.973744
0.973594
0.973571
0.973338
0.97329
0.973208
0.972989
0.972754
0.972781
0.972822
0.972602
0.972376
0.97217
0.972198
0.97239
0.972176
0.971952
0.971741
0.971753
0.971794
0.971706
0.971528
0.971707
0.971689
0.971729
0.971732
0.971814
0.971585
0.97222
0.97231
0.972197
0.97238
0.972345
0.972936
0.97271
0.972537
0.972327
0.972481
0.972252
0.97231
0.972247
0.972462
0.972556
0.972628
0.972395
0.973199
0.973259
0.973056
0.97285
0.972755
0.97255
0.972502
0.972925
0.973972
0.974986
0.975211
0.975163
0.9751
0.974879
0.974653
0.975285
0.975108
0.975009
0.974847
0.975118
0.976225
0.976021
0.97631
0.976087
0.976181
0.976494
0.976352
0.976224
0.976483
0.976468
0.976377
0.976729
0.976896
0.976673
0.976558
0.976779
0.976557
0.97688
0.976647
0.976757
0.976617
0.976914
0.976679
0.976485
0.97631
0.976203
0.975969
0.975753
0.976025
0.975815
0.975594
0.975381
0.975307
0.97546
0.975311
0.975133
0.975179
0.975631
0.975404
0.975594
0.975367
0.975161
0.975047
0.974857
0.974633
0.974453
0.97422
0.974158
0.974147
0.97392
0.973821
0.974126
0.974178
0.974024
0.973847
0.973902
0.97367
0.973471
0.973238
0.973052
0.972825
0.973568
0.973492
0.973317
0.973871
0.974385
0.974176
0.973981
0.973755
0.97375
0.973768
0.973628
0.974329
0.974431
0.974433
0.974216
0.974208
0.974
0.974669
0.974741
0.974712
0.974497
0.974593
0.974672
0.974524
0.974292
0.974099
0.974109
0.975039
0.97493
0.974801
0.974794
0.975031
0.975405
0.976779
0.976549
0.977119
0.976909
0.976679
0.976547
0.976397
0.976249
0.976073
0.97629
0.976108
0.975906
0.975753
0.975694
0.975465
0.975235
0.975035
0.974846
0.975317
0.97509
0.974859
0.974642
0.974848
0.974685
0.974817
0.975028
0.975332
0.975532
0.975355
0.97555
0.975501
0.975272
0.975084
0.974871
0.974776
0.974999
0.975021
0.975169
0.974939
0.974831
0.974608
0.974597
0.974844
0.975752
0.975524
0.975948
0.975805
0.975679
0.97546
0.975542
0.975336
0.975108
0.975245
0.975023
0.974843
0.974712
0.974602
0.974664
0.974435
0.974282
0.974154
0.974038
0.973842
0.973616
0.974797
0.974663
0.974579
0.974358
0.974334
0.974149
0.974344
0.974486
0.974304
0.974128
0.973898
0.973673
0.975219
0.975043
0.974892
0.974682
0.974805
0.974642
0.974412
0.97452
0.974298
0.974082
0.973969
0.974293
0.9743
0.974098
0.974013
0.973786
0.973559
0.973435
0.973206
0.97304
0.974037
0.973808
0.973662
0.973632
0.973865
0.973976
0.974029
0.974237
0.974079
0.973961
0.973738
0.973511
0.973377
0.974252
0.974052
0.973998
0.973802
0.974043
0.973898
0.973772
0.973592
0.973367
0.973442
0.973222
0.973095
0.973093
0.973766
0.973886
0.973705
0.973478
0.973388
0.973493
0.973312
0.973106
0.973142
0.973073
0.972929
0.972852
0.972916
0.972717
0.972557
0.973285
0.97306
0.973139
0.973015
0.972792
0.972628
0.972795
0.972578
0.972368
0.972176
0.973891
0.973866
0.974789
0.974613
0.97507
0.978078
0.977893
0.977734
0.977598
0.977374
0.977313
0.977155
0.977073
0.976873
0.97703
0.976903
0.976707
0.97663
0.976415
0.977459
0.977237
0.977015
0.976942
0.976751
0.976957
0.977336
0.977734
0.977516
0.977318
0.977624
0.978502
0.978279
0.978149
0.978008
0.978325
0.978125
0.978243
0.97807
0.977871
0.977647
0.977437
0.977214
0.976998
0.976964
0.976769
0.976743
0.976681
0.976825
0.976888
0.977016
0.976827
0.976636
0.976458
0.976303
0.976199
0.976082
0.976139
0.976011
0.976591
0.976489
0.976264
0.97604
0.976402
0.976281
0.976864
0.97679
0.97754
0.977568
0.977365
0.977799
0.978168
0.978016
0.978322
0.978116
0.978354
0.978137
0.978623
0.979993
0.979826
0.979628
0.979807
0.979873
0.980111
0.980104
0.979884
0.979794
0.979648
0.97989
0.981021
0.980936
0.981018
0.980795
0.980574
0.980349
0.980162
0.980047
0.979887
0.980345
0.980216
0.980019
0.980391
0.980249
0.981445
0.981474
0.982511
0.982302
0.982534
0.982411
0.983061
0.982886
0.982697
0.982479
0.983022
0.982877
0.982672
0.982597
0.982996
0.982783
0.982656
0.982509
0.982364
0.982438
0.982371
0.98216
0.982924
0.982801
0.98265
0.982731
0.983088
0.982863
0.982638
0.9826
0.982999
0.982774
0.982709
0.982548
0.982375
0.98247
0.982256
0.982691
0.98258
0.982447
0.982225
0.982067
0.982149
0.981977
0.981951
0.981781
0.981662
0.981548
0.981336
0.981113
0.981192
0.981048
0.980965
0.981436
0.981899
0.982169
0.98197
0.982153
0.982028
0.981818
0.981729
0.982958
0.982789
0.982578
0.982842
0.984599
0.984481
0.984364
0.984723
0.984691
0.984469
0.984248
0.984046
0.983912
0.983692
0.983533
0.983425
0.983254
0.983398
0.983186
0.982963
0.982831
0.982613
0.982412
0.982574
0.982353
0.982972
0.983382
0.983159
0.9832
0.982979
0.982764
0.98264
0.982521
0.983294
0.983073
0.982993
0.98351
0.983391
0.983169
0.983204
0.982993
0.983285
0.983412
0.983361
0.983425
0.983216
0.983022
0.983017
0.982862
0.982649
0.982471
0.98242
0.982385
0.982222
0.982356
0.982257
0.982169
0.982375
0.983062
0.982866
0.983156
0.983073
0.982869
0.982669
0.982469
0.982706
0.984291
0.984077
0.986067
0.986616
0.986397
0.98623
0.986089
0.985942
0.985752
0.985832
0.985676
0.985552
0.985382
0.98516
0.984939
0.984836
0.985233
0.985039
0.984819
0.984747
0.984537
0.984362
0.984217
0.984219
0.98412
0.984779
0.985047
0.98487
0.984705
0.984853
0.9847
0.984488
0.985164
0.984985
0.985081
0.985253
0.985253
0.98504
0.984836
0.98469
0.984497
0.98429
0.984143
0.983932
0.983744
0.98353
0.983316
0.983193
0.983111
0.982891
0.983132
0.983237
0.983263
0.983062
0.982842
0.982682
0.982924
0.982718
0.982628
0.983155
0.983008
0.98282
0.982608
0.982558
0.982414
0.982237
0.982141
0.98231
0.982348
0.982266
0.982065
0.981848
0.982772
0.982743
0.983557
0.983384
0.98339
0.983381
0.983235
0.984291
0.984084
0.983932
0.983766
0.983817
0.983683
0.983479
0.983391
0.983567
0.983707
0.983557
0.983376
0.983332
0.983185
0.983154
0.983353
0.983263
0.983405
0.983496
0.983309
0.983552
0.983546
0.983342
0.983741
0.983578
0.98356
0.983344
0.983222
0.983003
0.982817
0.982722
0.983511
0.983313
0.983274
0.98335
0.983145
0.983397
0.98318
0.982964
0.983012
0.982795
0.982629
0.98335
0.9843
0.984142
0.984231
0.984055
0.98418
0.984524
0.984826
0.985184
0.984983
0.985678
0.985512
0.98537
0.985209
0.985007
0.984839
0.984868
0.984651
0.984484
0.984304
0.984543
0.984427
0.984245
0.984044
0.983829
0.983721
0.983505
0.983308
0.983255
0.983302
0.98372
0.983504
0.983747
0.983702
0.983573
0.984062
0.984709
0.984621
0.984912
0.984696
0.98452
0.984786
0.985947
0.985732
0.985632
0.98542
0.985232
0.985066
0.985269
0.985054
0.985271
0.985282
0.985096
0.984977
0.98476
0.986131
0.985922
0.985741
0.985588
0.985441
0.985255
0.985359
0.985342
0.985594
0.985625
0.986001
0.985896
0.985833
0.985658
0.985452
0.985262
0.985095
0.985069
0.984862
0.984845
0.984629
0.984486
0.984506
0.984446
0.984441
0.98424
0.984431
0.984237
0.984101
0.983953
0.983805
0.983682
0.984006
0.983841
0.983691
0.983477
0.983566
0.983361
0.983145
0.983328
0.983115
0.98334
0.983478
0.983262
0.983053
0.982901
0.982768
0.983063
0.982848
0.982918
0.983037
0.98285
0.98315
0.983298
0.983843
0.983728
0.98358
0.983388
0.983503
0.983294
0.98322
0.983006
0.983043
0.982844
0.982669
0.982464
0.982249
0.982091
0.982499
0.982341
0.982188
0.982026
0.982223
0.982614
0.9824
0.982373
0.982588
0.982442
0.982502
0.982299
0.982153
0.982051
0.981884
0.982086
0.981876
0.981683
0.981472
0.981411
0.981199
0.981681
0.981818
0.981707
0.981766
0.981784
0.981763
0.981596
0.981479
0.981377
0.981415
0.981254
0.98108
0.9809
0.980841
0.980972
0.980758
0.980569
0.980447
0.980792
0.980578
0.980659
0.980613
0.980522
0.980909
0.981092
0.981399
0.981296
0.981137
0.980965
0.980918
0.981538
0.981669
0.981459
0.981337
0.981621
0.981485
0.981276
0.981412
0.981436
0.981224
0.98106
0.981055
0.980936
0.980725
0.980576
0.980408
0.980307
0.980098
0.980046
0.979845
0.97965
0.979875
0.980039
0.979844
0.981127
0.980971
0.981046
0.980833
0.980624
0.980541
0.980337
0.980219
0.980007
0.979907
0.979852
0.980001
0.979794
0.979597
0.979509
0.9796
0.979404
0.979371
0.979181
0.979624
0.979476
0.979268
0.979088
0.978884
0.978679
0.979129
0.979753
0.979546
0.979336
0.979805
0.979673
0.979581
0.979549
0.979343
0.979132
0.979118
0.978908
0.97906
0.978849
0.978653
0.978484
0.978709
0.978589
0.978437
0.978621
0.97942
0.980172
0.979968
0.979767
0.979974
0.979763
0.979759
0.979632
0.979896
0.97969
0.979656
0.979448
0.979265
0.979056
0.979268
0.979113
0.979001
0.978824
0.978899
0.978695
0.978609
0.978441
0.978704
0.979594
0.979687
0.979522
0.980509
0.980324
0.980115
0.97992
0.980466
0.980465
0.980318
0.980109
0.980021
0.97983
0.979958
0.979786
0.979608
0.979476
0.979267
0.979061
0.978915
0.979852
0.979646
0.97966
0.979872
0.979851
0.980927
0.981239
0.981349
0.981183
0.980978
0.981193
0.981082
0.980884
0.980769
0.980669
0.980459
0.98034
0.980319
0.980303
0.980131
0.980066
0.980019
0.97983
0.979625
0.979731
0.979542
0.979848
0.979932
0.979938
0.980083
0.982702
0.9827
0.98288
0.982685
0.982708
0.98266
0.982492
0.983051
0.983428
0.983217
0.983096
0.98306
0.982972
0.982855
0.982688
0.982481
0.98289
0.982691
0.982507
0.982356
0.982319
0.982316
0.982426
0.982528
0.982411
0.982906
0.982696
0.982634
0.982651
0.982458
0.98251
0.983068
0.982873
0.983078
0.984362
0.984169
0.984052
0.98433
0.984342
0.984225
0.984258
0.984065
0.983887
0.983766
0.983636
0.983478
0.983386
0.983191
0.983235
0.983038
0.983309
0.983434
0.983899
0.983834
0.98384
0.983719
0.983596
0.983412
0.983367
0.983237
0.983029
0.985491
0.985887
0.986553
0.986346
0.986138
0.986302
0.986255
0.986083
0.985922
0.98641
0.986205
0.986726
0.986524
0.986713
0.986505
0.986857
0.986698
0.986508
0.986303
0.986632
0.986429
0.986353
0.987495
0.987294
0.987097
0.98702
0.987979
0.988885
0.989126
0.989228
0.989047
0.989185
0.98898
0.988771
0.988653
0.988489
0.98828
0.989535
0.989453
0.989395
0.98924
0.989283
0.98909
0.989486
0.989278
0.98907
0.989356
0.989764
0.989613
0.989408
0.989528
0.989579
0.989421
0.989213
0.98901
0.988807
0.98861
0.988418
0.988463
0.988259
0.988092
0.987939
0.988177
0.988244
0.988112
0.988846
0.988685
0.989081
0.988917
0.98871
0.988538
0.988674
0.988794
0.988592
0.988454
0.988247
0.988062
0.987866
0.987952
0.987944
0.987738
0.987539
0.987387
0.98731
0.988129
0.988252
0.988075
0.987884
0.987807
0.9879
0.987774
0.987635
0.987486
0.987286
0.987222
0.987173
0.987123
0.98775
0.98757
0.987396
0.987217
0.987024
0.986827
0.988469
0.988397
0.988362
0.988617
0.988594
0.988399
0.988225
0.988586
0.988405
0.988239
0.988391
0.988225
0.988286
0.988845
0.988757
0.988551
0.988347
0.988678
0.988485
0.98891
0.98876
0.988553
0.988556
0.988454
0.988258
0.988436
0.988232
0.988566
0.988724
0.988518
0.988352
0.988184
0.988323
0.988199
0.988126
0.987992
0.987808
0.987724
0.987796
0.987885
0.988188
0.988044
0.98784
0.987732
0.987575
0.987404
0.987216
0.987086
0.986885
0.987331
0.987375
0.987521
0.987318
0.987306
0.987183
0.987089
0.987036
0.98695
0.986934
0.987338
0.987271
0.987113
0.987036
0.986935
0.986827
0.986625
0.986525
0.986334
0.986156
0.986295
0.986097
0.985925
0.985726
0.985546
0.985439
0.985247
0.985113
0.985495
0.985908
0.985827
0.985899
0.986015
0.986077
0.986233
0.986103
0.986441
0.986241
0.986098
0.985894
0.985714
0.985535
0.985338
0.985423
0.985347
0.985646
0.985452
0.985508
0.985304
0.985341
0.985573
0.986177
0.986344
0.986211
0.98631
0.986142
0.985953
0.985756
0.985561
0.985367
0.985298
0.985623
0.985569
0.985442
0.98535
0.985719
0.985583
0.985562
0.985408
0.985653
0.986142
0.985951
0.986192
0.986083
0.98588
0.985677
0.985978
0.985867
0.985712
0.985637
0.985596
0.985401
0.985251
0.98506
0.984861
0.984659
0.984457
0.985288
0.985373
0.985336
0.985165
0.985002
0.985006
0.984954
0.984957
0.985186
0.98513
0.985168
0.985673
0.98547
0.985565
0.987083
0.987019
0.986931
0.987533
0.98733
0.987847
0.987649
0.987484
0.987298
0.987363
0.987198
0.987166
0.987026
0.986869
0.986805
0.986667
0.986523
0.986545
0.986348
0.986151
0.986157
0.986068
0.986179
0.985998
0.985803
0.986152
0.985984
0.985993
0.985922
0.985756
0.986055
0.98631
0.986123
0.985921
0.985723
0.985886
0.98583
0.985775
0.986074
0.985871
0.985676
0.985535
0.985333
0.985143
0.984961
0.985083
0.984915
0.984722
0.984683
0.984673
0.984542
0.984432
0.984344
0.984232
0.984031
0.984011
0.98411
0.984464
0.984263
0.984991
0.985295
0.985125
0.98503
0.984852
0.984715
0.984689
0.984576
0.984445
0.984283
0.984085
0.983885
0.983713
0.983516
0.983404
0.983967
0.983917
0.983863
0.984733
0.984574
0.984445
0.984322
0.984372
0.98418
0.984003
0.983813
0.984152
0.984031
0.983838
0.983731
0.984085
0.984013
0.983813
0.984069
0.984126
0.984106
0.98499
0.985556
0.985558
0.985444
0.986174
0.986187
0.986045
0.985845
0.985697
0.98565
0.985516
0.985626
0.985425
0.985326
0.985134
0.985047
0.985011
0.985738
0.985538
0.985368
0.985249
0.985062
0.984891
0.984729
0.984598
0.985604
0.98554
0.985408
0.985209
0.985171
0.985013
0.984813
0.985425
0.985228
0.985032
0.984854
0.984819
0.984842
0.98472
0.985106
0.985393
0.985195
0.985368
0.985492
0.985292
0.985525
0.98614
0.986029
0.985906
0.985811
0.985628
0.985702
0.986067
0.985867
0.985668
0.98553
0.985826
0.985683
0.985572
0.985373
0.985596
0.985783
0.98563
0.985476
0.985278
0.985296
0.985119
0.98548
0.985308
0.985292
0.985238
0.985318
0.985501
0.98562
0.985478
0.98528
0.985336
0.985188
0.984993
0.985134
0.985124
0.985088
0.98567
0.985554
0.985366
0.985168
0.985271
0.98515
0.984959
0.984848
0.984818
0.984839
0.98493
0.985227
0.985121
0.984945
0.985135
0.984982
0.984831
0.984989
0.984981
0.985504
0.985781
0.985992
0.985951
0.986173
0.986777
0.987296
0.98754
0.98786
0.987697
0.98805
0.988335
0.988346
0.988149
0.987957
0.988123
0.987939
0.988021
0.98783
0.987633
0.987458
0.987356
0.987323
0.987144
0.987295
0.987098
0.986959
0.986903
0.986706
0.986542
0.986826
0.98687
0.987094
0.986961
0.986797
0.987439
0.987309
0.987111
0.987001
0.98684
0.986656
0.987384
0.987239
0.987042
0.986926
0.986881
0.98677
0.986873
0.98748
0.987291
0.987134
0.987039
0.986967
0.987072
0.98692
0.987267
0.987074
0.986943
0.986789
0.986663
0.986541
0.986346
0.986189
0.987691
0.987586
0.987421
0.987311
0.987119
0.98695
0.986754
0.98715
0.987021
0.98683
0.986852
0.986699
0.986501
0.986363
0.9864
0.986341
0.986151
0.985963
0.986161
0.986734
0.986753
0.987676
0.987499
0.987929
0.987832
0.987844
0.987682
0.987559
0.987368
0.987433
0.987288
0.987121
0.987097
0.986907
0.986753
0.986783
0.986711
0.986535
0.986352
0.986286
0.986125
0.985929
0.985843
0.986062
0.987101
0.986905
0.987328
0.987447
0.987389
0.987193
0.987185
0.987042
0.986919
0.986787
0.986829
0.986903
0.986748
0.986877
0.986701
0.986516
0.986325
0.986363
0.986825
0.986847
0.98703
0.987574
0.987812
0.987668
0.987541
0.987366
0.987174
0.986984
0.986801
0.986829
0.986913
0.986722
0.986872
0.987251
0.987274
0.98755
0.987356
0.987232
0.987141
0.987094
0.986925
0.986974
0.986889
0.98676
0.986565
0.986554
0.986371
0.986262
0.986077
0.985982
0.986064
0.986083
0.985959
0.985764
0.985587
0.985511
0.986696
0.986501
0.986621
0.986626
0.987029
0.986969
0.986784
0.986669
0.986684
0.986493
0.986509
0.986446
0.986407
0.986544
0.986503
0.986389
0.986342
0.986454
0.986296
0.986447
0.986942
0.986768
0.986592
0.986443
0.986329
0.986709
0.986524
0.986573
0.986488
0.986754
0.986608
0.986447
0.98629
0.986378
0.986418
0.98624
0.986047
0.985892
0.985744
0.985744
0.985569
0.985468
0.985503
0.985309
0.985346
0.985222
0.985506
0.985314
0.985208
0.985639
0.985445
0.985485
0.98537
0.985794
0.985805
0.986082
0.986013
0.985888
0.985813
0.985673
0.985582
0.98539
0.985874
0.985747
0.985926
0.985743
0.985695
0.985503
0.985329
0.985934
0.985893
0.986319
0.986226
0.986033
0.985875
0.985785
0.985611
0.985666
0.985704
0.986019
0.985828
0.985705
0.985512
0.98532
0.985326
0.985157
0.984977
0.984819
0.984633
0.985033
0.984845
0.984712
0.985538
0.985433
0.985302
0.985146
0.985321
0.985383
0.985321
0.985424
0.986103
0.985995
0.986299
0.986106
0.985959
0.985851
0.985659
0.985679
0.985488
0.985646
0.98631
0.986928
0.986741
0.98657
0.98641
0.986347
0.987343
0.987546
0.987478
0.987416
0.98778
0.987589
0.987465
0.987316
0.987124
0.987016
0.986856
0.986664
0.986589
0.986516
0.986323
0.98641
0.986253
0.986105
0.986329
0.986139
0.986603
0.987292
0.9871
0.986934
0.986977
0.986785
0.986608
0.986712
0.986522
0.986333
0.986379
0.986327
0.986673
0.986741
0.986549
0.986442
0.986258
0.98615
0.985964
0.985839
0.986161
0.986031
0.985887
0.985779
0.98559
0.985405
0.985213
0.985353
0.985165
0.985056
0.984916
0.984981
0.984815
0.985003
0.984858
0.98488
0.984945
0.984796
0.984726
0.984569
0.984558
0.98441
0.984306
0.984177
0.984578
0.984567
0.984376
0.984281
0.984091
0.984152
0.98417
0.984055
0.984164
0.984023
0.983856
0.983674
0.983486
0.983379
0.983218
0.983236
0.983953
0.983809
0.983729
0.983538
0.983409
0.983378
0.983212
0.98344
0.983281
0.983114
0.983095
0.982976
0.982854
0.982799
0.982633
0.98245
0.982263
0.982072
0.981964
0.982237
0.982609
0.982534
0.982566
0.982436
0.982928
0.983074
0.982994
0.982871
0.982691
0.982536
0.982349
0.982358
0.982212
0.982144
0.982066
0.981899
0.981715
0.981699
0.982009
0.981907
0.981718
0.981544
0.981488
0.9813
0.981117
0.980996
0.980895
0.980709
0.980696
0.980513
0.980456
0.98031
0.980199
0.980064
0.979892
0.979854
0.979798
0.979646
0.979475
0.979591
0.979415
0.979711
0.979597
0.97952
0.97986
0.979671
0.979598
0.979621
0.979459
0.979535
0.979422
0.979686
0.979498
0.979334
0.97986
0.979679
0.979913
0.979737
0.979579
0.979401
0.979784
0.979595
0.979415
0.979334
0.97915
0.979085
0.97891
0.979089
0.978968
0.979617
0.979688
0.979535
0.979426
0.979375
0.979193
0.979067
0.980125
0.979977
0.980431
0.980296
0.980158
0.979976
0.980012
0.979926
0.980095
0.979944
0.979815
0.979635
0.979468
0.97928
0.979176
0.979671
0.979864
0.979987
0.980065
0.979931
0.979969
0.979785
0.979653
0.979548
0.9794
0.979283
0.97947
0.979593
0.979493
0.979545
0.979998
0.980012
0.979827
0.980062
0.98033
0.980184
0.980017
0.980047
0.980493
0.980488
0.980301
0.980152
0.980136
0.979974
0.979802
0.979962
0.980157
0.980205
0.980114
0.980059
0.979912
0.979739
0.979554
0.979432
0.979395
0.979254
0.97907
0.978883
0.979168
0.978983
0.979104
0.978922
0.978821
0.978716
0.97854
0.978475
0.978365
0.97832
0.978148
0.978044
0.977893
0.977927
0.978284
0.978284
0.978395
0.978653
0.978624
0.978491
0.978306
0.978278
0.97813
0.978914
0.978729
0.978582
0.978515
0.978376
0.978835
0.978689
0.978555
0.978499
0.97839
0.978226
0.978331
0.97815
0.977976
0.978834
0.978858
0.978683
0.978537
0.97838
0.978494
0.978308
0.978299
0.978173
0.977987
0.977805
0.977701
0.977535
0.977496
0.97732
0.977188
0.977025
0.976843
0.978185
0.978006
0.977886
0.977822
0.978165
0.97798
0.977875
0.977689
0.977819
0.977714
0.977663
0.977498
0.977395
0.977382
0.977295
0.977189
0.977005
0.976942
0.977184
0.977105
0.976921
0.976736
0.976826
0.976653
0.976504
0.976502
0.977507
0.977732
0.978129
0.977988
0.977963
0.977812
0.977653
0.977585
0.977516
0.977729
0.977625
0.97744
0.977265
0.977088
0.976908
0.976978
0.97681
0.976897
0.976788
0.976658
0.976625
0.976947
0.976763
0.97658
0.976458
0.97641
0.976605
0.976421
0.976303
0.976229
0.976127
0.976085
0.976029
0.976412
0.976437
0.976266
0.976122
0.97601
0.975862
0.976246
0.976399
0.976218
0.976129
0.975946
0.975778
0.975626
0.975737
0.975554
0.975371
0.975878
0.97571
0.975684
0.97771
0.977785
0.978273
0.978315
0.978245
0.97834
0.978204
0.978249
0.978065
0.978102
0.977932
0.977907
0.977796
0.977627
0.977537
0.97772
0.978022
0.979248
0.979241
0.979062
0.979551
0.979416
0.979653
0.979486
0.979382
0.979554
0.979506
0.979341
0.9795
0.979382
0.979719
0.979739
0.979592
0.979412
0.979246
0.979119
0.978945
0.978915
0.978815
0.978696
0.978798
0.979162
0.978982
0.978895
0.978723
0.979042
0.979074
0.978954
0.978924
0.978967
0.978797
0.9787
0.978544
0.978378
0.978547
0.978721
0.978581
0.978472
0.978434
0.97827
0.978088
0.977942
0.977759
0.977605
0.977594
0.977418
0.977313
0.977659
0.977483
0.977951
0.977804
0.977818
0.977778
0.977666
0.97758
0.97745
0.977286
0.977189
0.977297
0.977464
0.977309
0.977168
0.977092
0.977015
0.976842
0.976821
0.976649
0.976467
0.976709
0.976544
0.976551
0.976502
0.976355
0.976621
0.976804
0.976663
0.976556
0.977055
0.976954
0.97685
0.977231
0.97706
0.976954
0.976789
0.976687
0.976506
0.977105
0.976988
0.977014
0.977491
0.977311
0.977176
0.977064
0.977218
0.977122
0.976957
0.976978
0.977034
0.977434
0.977273
0.977203
0.977113
0.976942
0.976986
0.976995
0.977643
0.977559
0.977378
0.977357
0.977176
0.977046
0.977301
0.977491
0.977315
0.977315
0.977653
0.977513
0.977359
0.977784
0.977638
0.977468
0.977429
0.977524
0.977517
0.977416
0.977236
0.977083
0.977192
0.977322
0.977212
0.977191
0.977029
0.976847
0.976755
0.976573
0.976414
0.976346
0.97619
0.97614
0.976107
0.975989
0.975944
0.975797
0.975818
0.975638
0.975547
0.975732
0.97561
0.975478
0.975297
0.975119
0.975309
0.975252
0.975634
0.975632
0.975478
0.975397
0.975376
0.975255
0.975316
0.975558
0.975595
0.975714
0.975616
0.975641
0.975477
0.975313
0.975786
0.975782
0.976012
0.976088
0.976
0.97582
0.976971
0.97679
0.976706
0.976537
0.976388
0.976435
0.976357
0.976211
0.97605
0.976081
0.976508
0.976327
0.97615
0.976242
0.976131
0.976398
0.976293
0.976148
0.976166
0.976171
0.976287
0.976878
0.977042
0.977125
0.976953
0.976798
0.976772
0.976627
0.976621
0.976569
0.977352
0.977351
0.977288
0.97711
0.977086
0.977246
0.977077
0.976937
0.976758
0.976617
0.976532
0.976523
0.976624
0.976444
0.976333
0.976177
0.976117
0.976468
0.976377
0.976217
0.976063
0.97609
0.976213
0.976346
0.976182
0.97634
0.976169
0.976378
0.976271
0.976705
0.976559
0.976407
0.976896
0.977094
0.976914
0.977101
0.976936
0.976767
0.976748
0.976641
0.976465
0.976286
0.976441
0.976963
0.97685
0.976723
0.9766
0.976425
0.976254
0.976195
0.976082
0.975936
0.976596
0.976522
0.976362
0.976334
0.976322
0.976143
0.976382
0.976226
0.976059
0.976084
0.976062
0.976383
0.976205
0.976037
0.976253
0.976122
0.977051
0.976874
0.976695
0.976824
0.977194
0.977035
0.976858
0.976775
0.976598
0.976444
0.976491
0.977085
0.978049
0.978368
0.978209
0.978032
0.977887
0.977753
0.97931
0.979241
0.97907
0.978939
0.978952
0.978793
0.978661
0.978485
0.978308
0.978149
0.978295
0.978373
0.978201
0.978464
0.978288
0.97811
0.977937
0.978063
0.978035
0.97792
0.978958
0.979
0.979709
0.979678
0.979579
0.979584
0.979407
0.979252
0.979196
0.979248
0.979233
0.979117
0.97894
0.978777
0.978599
0.978612
0.978516
0.978417
0.978549
0.978374
0.979177
0.979189
0.97902
0.978858
0.979037
0.978919
0.978858
0.978816
0.978654
0.979167
0.979864
0.979903
0.979795
0.980184
0.980051
0.979907
0.979792
0.979633
0.979456
0.979327
0.97915
0.979033
0.979364
0.979307
0.979275
0.979749
0.980223
0.980049
0.979939
0.979789
0.97962
0.979461
0.979759
0.979718
0.979541
0.979416
0.979263
0.979776
0.979661
0.979517
0.979584
0.979661
0.979487
0.979368
0.979327
0.979154
0.979121
0.979239
0.979104
0.979118
0.978942
0.978772
0.978639
0.979006
0.978851
0.97888
0.979111
0.979013
0.978872
0.979004
0.979186
0.979027
0.979334
0.979848
0.979673
0.979906
0.97973
0.980057
0.979911
0.97981
0.980545
0.980623
0.980689
0.980874
0.98078
0.980914
0.980941
0.980849
0.980696
0.980537
0.980432
0.980261
0.980257
0.980149
0.980071
0.979896
0.979833
0.979901
0.979785
0.979645
0.979539
0.979384
0.979258
0.979085
0.980437
0.980277
0.980639
0.980464
0.980316
0.980631
0.980472
0.980845
0.980752
0.980631
0.980465
0.98033
0.980182
0.980009
0.980027
0.979891
0.979726
0.979563
0.97939
0.979327
0.979175
0.979272
0.979118
0.978976
0.978895
0.978873
0.978841
0.978898
0.978797
0.978652
0.978488
0.97839
0.978355
0.978364
0.979146
0.979049
0.979069
0.979027
0.978917
