203.894
118.572
97.7339
102.548
88.6652
78.8029
75.6577
59.8411
32.7495
35.0666
17.0126
0.128243
-14.4796
-24.6112
-22.0842
40.3597
31.2526
20.2038
11.6508
10.7266
3.61908
-5.18657
-8.51064
-4.87177
-9.44652
-11.8647
-9.12772
-12.7487
-18.8069
-23.5727
-21.1803
-18.6996
-18.1251
-23.2178
-26.4579
-31.0711
-28.2694
-25.9486
-21.8167
-19.8649
-18.674
-20.2686
-23.9236
-21.6592
-19.9607
-22.6356
-23.1398
-23.9121
16.6688
17.5
16.0749
21.7783
23.1019
21.2681
24.9738
22.9067
23.4336
20.8237
20.2303
16.7126
17.1761
16.8636
16.4846
13.6355
12.5503
13.4577
12.9115
10.3372
8.9248
6.29027
4.03871
4.49526
2.07254
-0.267622
-2.07655
-4.28385
-4.02569
-3.71935
-4.25523
-6.55064
10.4647
9.08993
9.93137
9.92965
7.84902
8.20424
5.89529
6.11998
3.88666
3.30693
2.94022
2.58352
1.2243
1.96059
5.3452
13.0526
13.731
13.5909
13.7999
12.4993
13.1166
12.974
13.5929
13.7959
19.0715
17.1958
16.8025
14.9321
13.1597
13.0401
11.2141
10.0192
9.48575
9.49221
17.6246
17.4851
16.889
17.4146
16.6325
15.2097
14.7894
15.0007
13.9927
14.4896
14.8218
18.9619
19.2923
23.2939
23.3864
22.0317
22.7879
21.2139
19.665
19.1013
18.3214
16.777
15.3048
16.7788
15.3771
15.0159
14.0035
12.6376
11.5856
10.2882
9.58169
9.05272
8.5646
8.56323
7.92158
8.39249
7.92726
7.54652
19.302
33.7317
33.5046
32.4276
31.0452
29.7209
33.7257
32.4281
31.5939
31.4122
30.7035
30.2615
28.9205
28.4891
27.249
27.3911
26.7462
27.0237
27.2995
27.4545
26.2148
25.3685
25.3142
24.9546
28.8175
28.9128
27.7366
26.8269
27.8762
27.8658
27.0518
29.5192
29.0905
28.8082
28.6541
28.2698
27.6315
26.5684
25.5321
24.4108
29.8564
29.1289
28.0129
27.459
26.7774
26.267
26.6791
25.6153
24.6325
23.7191
22.7363
21.7309
21.4537
20.4143
19.4412
19.4322
19.0913
18.2872
17.2882
17.2171
16.8144
16.1835
15.3138
15.5122
15.6297
14.6964
14.0775
13.3333
12.7783
11.9003
11.2194
10.8189
14.5682
13.9485
14.1647
13.3868
13.2531
13.3811
13.3231
13.0661
12.4351
11.6792
11.709
11.9315
11.5773
11.7725
10.9306
10.2038
10.2614
10.1923
10.4626
9.97115
9.64729
9.34346
9.04208
9.19778
8.55295
7.79123
7.42408
6.89365
6.76579
14.2279
13.6594
13.2273
12.4268
11.6374
11.0818
10.3892
9.64161
9.19262
8.53309
8.10602
7.40014
7.19836
6.49393
5.99711
5.49188
4.83535
4.10899
3.38608
2.68848
2.71498
3.41461
3.65684
3.10563
2.95793
2.28861
5.5786
5.06228
4.46598
4.11133
3.44356
3.96631
4.5315
4.77968
4.19789
3.52594
2.84946
3.07689
3.23955
2.5942
2.83902
2.29532
2.32537
1.67176
1.03956
0.656522
0.472682
-0.0167584
-0.0457878
0.140505
-0.448907
-0.339409
7.63172
7.43785
7.13134
6.50326
5.93716
6.16708
5.58851
4.98304
4.36169
3.75441
3.72489
3.29967
2.7145
2.14319
1.85369
1.26102
0.81036
0.217887
1.94046
1.3762
2.70102
2.12666
1.53363
1.72193
1.41859
1.3539
1.43148
0.855508
0.705863
0.639922
0.191717
-0.110244
-0.109917
-0.636742
-0.461129
-0.966457
-1.25985
1.07764
0.837909
1.77276
5.80029
5.27123
5.09329
4.53661
4.50798
4.14794
4.84224
4.86294
4.58858
4.08083
3.9777
4.02823
3.62832
3.80088
3.55055
3.00942
2.56132
2.26175
1.83289
1.68658
1.83073
1.31991
1.23517
1.00739
0.493883
0.342514
0.4789
0.620417
0.560811
2.82502
2.65013
2.27661
1.80793
1.48211
6.3309
6.95425
7.07181
7.10884
7.25811
7.44007
7.93502
7.42604
10.8882
11.0496
10.5703
10.4444
10.533
10.2952
12.2187
11.7892
11.4498
11.2888
10.8421
10.3806
10.0465
11.1607
11.0455
10.5399
10.6332
10.4324
10.0698
9.69113
9.47327
9.00054
9.60371
14.8659
14.9255
14.4782
14.1653
14.2654
14.0262
14.0539
13.602
13.3334
12.8961
12.4109
11.942
11.5914
11.1989
11.0225
11.0444
11.1281
10.7435
10.7184
10.8739
10.4742
10.0409
9.57967
9.62512
9.78497
9.35221
9.46527
9.59991
9.51375
9.25072
9.26852
8.94043
8.52828
8.2203
7.77201
7.79102
7.40595
7.44552
7.4938
7.45828
7.24729
7.30092
7.34267
7.04312
6.646
6.23901
6.39838
5.97668
5.74412
5.31984
4.89223
5.04307
4.65111
4.75
4.32664
4.48729
4.20822
3.7876
3.3915
3.07227
2.69714
2.49995
2.9988
3.14037
2.80085
2.7664
2.35688
2.84901
2.79854
2.3912
2.11926
1.73317
5.76849
5.40902
5.2093
5.20871
4.95082
4.54573
4.16019
4.30007
3.94125
3.97593
4.0776
3.83653
5.41704
5.13247
4.75205
4.38946
4.36099
4.19107
4.2661
4.08695
3.73047
3.53044
3.67968
3.72342
3.67525
3.66844
3.28779
2.9165
2.55737
2.72904
2.55568
2.5896
2.30627
1.9286
1.58885
1.34738
0.973809
0.654229
0.362161
0.117599
-0.0534214
-0.38775
-0.261993
-0.463635
-0.534773
-0.397914
-0.255468
-0.582324
-0.605394
-0.893434
-1.25295
-1.40874
-1.4061
-1.7541
-1.96754
-2.26738
-2.12638
-2.43706
-1.27118
-1.3085
-1.29392
2.00216
1.80044
1.53184
1.34772
1.05187
1.18808
1.13822
1.39719
1.52437
1.18474
0.853008
0.723842
0.453104
0.468033
0.563538
0.282887
-0.0593123
-0.117429
-0.209372
-0.461401
-0.758767
-0.952002
-1.0438
-1.35934
-1.60436
-1.46361
-1.323
-1.58132
-1.7558
-1.99838
-1.85941
-1.74183
-1.96948
-1.97666
-1.9118
-1.67933
-1.81973
-1.95987
-1.9658
-1.93439
-1.99678
-2.25921
-2.29518
-2.61119
-2.84805
-3.0666
-3.26523
-3.44821
-3.51296
-3.4004
-3.419
-3.31326
-3.50413
-3.47723
-3.76317
-3.48313
-3.44366
-3.73306
-3.71546
-3.85201
-3.71458
-3.78147
-4.01727
-4.20106
-4.47405
-4.42121
-4.67733
-4.98429
-4.50275
-4.68662
-4.92061
-4.8105
-4.11329
-4.39875
-3.61422
-3.88202
-4.13522
-4.43879
-4.73481
-4.97175
-5.26095
-5.21499
-5.21993
-5.18642
-5.43759
-5.63075
-5.92772
-6.09349
-6.08334
-6.0999
-6.23063
-6.51768
-6.6984
-6.97908
-6.50325
-4.29762
-4.16857
-4.09597
-4.18169
-4.46224
-4.55794
-4.80996
-5.02989
-5.24224
-5.36214
-5.51373
-5.80175
-6.08479
-6.05517
-3.40442
-3.43754
-3.18518
-3.21361
-3.4627
-3.50186
-3.65876
-3.82951
-4.04229
-3.58483
-3.8476
-3.7569
-4.03887
-4.00667
-4.171
-3.22776
-3.29126
-2.93556
-3.20984
-3.3592
-3.32098
-3.31182
-3.57499
-3.5779
-3.832
-2.92325
-3.14581
-2.52505
-2.67542
-2.78295
-2.94458
-3.21976
-3.2682
-3.33524
-3.57937
-2.75015
-2.94261
-3.16932
-3.44315
-3.68523
-3.58357
-3.83861
-3.80201
-3.99609
-3.88919
-4.15253
-4.39985
-4.35063
-4.02962
-4.29653
-4.23612
-4.48404
-4.74586
-4.73914
-5.00269
-5.1808
-5.18113
-5.32891
-5.53985
-5.74065
-5.98141
-6.02274
-5.78037
-6.00303
-5.89819
-6.08332
-6.09774
-6.35649
-6.40255
-6.28881
-6.54665
-6.46216
-6.70096
-6.77194
-5.99297
-5.87779
-5.90488
-2.87408
-3.02351
-2.91949
-3.17768
-3.38604
-3.28252
-3.23048
-3.14447
-3.36987
-3.30389
-3.557
-3.78575
-3.95353
-3.8576
-3.89039
-3.80292
-4.05483
-3.55182
-3.50506
-3.7202
-3.69028
-3.92598
-4.17495
-4.2609
-4.48372
-4.72898
-4.72908
-4.92159
-5.09031
-5.06566
-5.3112
-5.22053
-5.14064
-5.37751
-5.54213
-5.43252
-4.48971
-4.64554
-4.79604
-4.68687
-4.655
-4.70577
-4.82378
-4.86837
-5.00881
-5.00723
-4.97429
-5.18635
-5.4274
-5.39844
-5.36541
-5.49549
-5.51785
-5.72567
-5.72879
-5.65159
-5.71228
-5.21483
-5.39415
-5.13715
-5.11811
-5.14223
-5.33474
-5.25101
-4.93967
-4.84502
-5.06586
-3.27941
-3.51429
-3.49809
-3.73441
-3.29389
-3.00572
-3.20064
-3.393
-3.60523
-3.7064
-3.85548
-3.96164
-4.03272
-4.26426
-4.49183
-4.70307
-4.50129
-4.72108
-4.84798
-4.83993
-5.04057
-5.2694
-5.37841
-5.30399
-5.38455
-5.28783
-5.28141
-5.26504
-2.62987
-2.55763
-2.52755
-2.74581
-2.66294
-2.82979
-2.97025
-3.15382
-3.26241
-2.42307
-2.63143
-2.78249
-3.00548
-2.98109
-3.14065
-3.35697
-3.46972
-0.192738
-0.258563
-0.461201
-0.551774
-0.724442
-0.945633
-1.00286
-1.22425
-1.40411
-1.57835
-1.48463
-1.66503
-1.65706
-1.63665
-1.68931
-1.88006
-2.06724
-1.98973
-2.13478
-2.25854
-2.34211
-2.43052
-2.38212
-2.51304
-2.4703
-2.4128
-2.61128
-2.8156
-2.91731
-3.11772
-3.28818
-3.25375
-3.44548
-3.38427
-3.42887
-3.49088
-3.40411
-3.58871
-3.55107
-3.50044
-3.69479
-3.88461
-4.07662
-4.28909
-4.50178
-4.5223
-4.56636
-4.64321
-4.7061
-4.91555
-4.99311
-4.97715
-4.95685
-4.95131
-4.89665
-4.85085
-5.06006
-5.17623
-4.71138
-4.91232
-4.84759
-4.93881
-5.07644
-5.2828
-5.48915
-5.65874
-5.75569
-5.92928
-6.12563
-6.30098
-6.49995
-6.4233
-6.58444
-6.56266
-6.62632
-6.5559
-6.55465
-6.59202
-6.71946
-6.91135
-7.02642
-7.17669
-7.37447
-7.57161
-7.76515
-7.96429
-8.16162
-8.24689
-8.15313
-8.20328
-8.21636
-7.98821
-8.03866
-8.10328
-8.05961
-8.07979
-8.08142
-7.81895
-7.81408
-8.01044
-8.20553
-8.19683
-8.171
-8.10612
-8.1307
-8.09022
-8.25792
-8.44534
-8.63463
-8.62161
-8.80171
-8.97931
-5.94189
-6.02907
-6.06499
-6.12219
-6.0421
-6.0564
-5.23172
-5.14398
-5.26643
-5.34427
-5.36586
-5.30734
-5.28349
-5.47408
-5.56694
-5.4814
-5.60253
-5.71419
-5.7768
-5.70204
-5.87643
-4.91829
-5.08072
-5.01541
-4.85439
-4.79551
-4.76243
-4.94744
-5.12195
-5.06645
-5.24504
-5.42486
-4.92239
-4.94995
-4.95344
-5.08346
-5.22946
-5.29618
-5.48291
-5.65541
-5.57629
-5.6552
-5.65878
-5.83594
-6.02135
-6.02949
-6.19883
-6.33211
-6.51602
-6.64394
-6.67901
-6.80817
-6.979
-7.09066
-7.1781
-7.36175
-7.46568
-7.6483
-7.82545
-8.00213
-7.91617
-7.85436
-7.98902
-8.14226
-8.2847
-8.41969
-8.52873
-8.70044
-8.80225
-8.77015
-8.7134
-8.86811
-8.92544
-9.09396
-9.21938
-9.20371
-9.1257
-9.12339
-9.2502
-9.36334
-9.36081
-9.53406
-9.54149
-9.71777
-9.6389
-9.64009
-9.6973
-9.79932
-9.76567
-9.87625
-9.90875
-4.73481
-4.7267
-4.88807
-5.04545
-5.15741
-4.92356
-5.03714
-5.1456
-5.31289
-5.48678
-5.52968
-5.69766
-5.84248
-6.0191
-6.18462
-6.17878
-6.19879
-6.34194
-6.41467
-6.33449
-6.48085
-6.62845
-6.78865
-6.88718
-7.03007
-7.20302
-7.37625
-7.29821
-7.42788
-7.57821
-7.6755
-7.81016
-7.97581
-7.98057
-8.08811
-7.88203
-7.81816
-7.98826
-8.15467
-8.28295
-8.416
-8.45167
-8.57824
-8.24178
-2.96866
-3.0151
-3.03961
-3.20621
-3.3526
-3.34936
-3.511
-3.66558
-3.81007
-3.75596
-3.69144
-3.75441
-3.78586
-3.73182
-3.66825
-3.60411
-3.55408
-3.49887
-3.42812
-3.52262
-3.60759
-3.54403
-3.58876
-3.63084
-3.49448
-3.57549
-3.74335
-3.91015
-4.03003
-4.00526
-4.17075
-4.30583
-4.33795
-4.39698
-4.55243
-4.7179
-4.79436
-4.96119
-5.0715
-5.1376
-5.07658
-5.18186
-5.1563
-5.24337
-5.24256
-5.32074
-5.32009
-5.47637
-5.45775
-5.54025
-5.69262
-5.8284
-5.77493
-5.93399
-5.8724
-6.03566
-6.19628
-6.35905
-6.31582
-6.42222
-6.55803
-6.56622
-6.72725
-6.74609
-6.3531
-6.33913
-6.33765
-6.46289
-6.16858
-6.27266
-6.19894
-6.12541
-6.13768
-6.19339
-6.12682
-6.09726
-6.19099
-6.21637
-6.29885
-6.06812
-6.21974
-6.37548
-6.48313
-6.60445
-6.624
-6.76725
-6.702
-6.6666
-6.22029
-6.37717
-6.52294
-6.57164
-6.52522
-6.68126
-6.83493
-6.97628
-7.03048
-6.95778
-7.107
-6.99349
-7.01988
-7.05913
-6.98313
-7.13827
-7.2724
-6.71167
-6.84828
-6.9794
-6.77671
-6.87656
-7.01
-6.9618
-7.00508
-7.11206
-7.16366
-7.11138
-7.26531
-7.34084
-7.48688
-7.41654
-7.53182
-7.61752
-7.56584
-7.40728
-7.44901
-7.47491
-7.55339
-7.48398
-7.54584
-7.52936
-7.65617
-7.7232
-7.87411
-6.91077
-6.77705
-6.85451
-6.99507
-7.05354
-7.06017
-7.17148
-7.22452
-7.21301
-7.26846
-7.22829
-7.0778
-6.42114
-6.5218
-5.73653
-5.77954
-5.87863
-5.82188
-5.88294
-6.01425
-5.97081
-6.04671
-6.0494
-6.19837
-6.21061
-5.97232
-6.06611
-6.1241
-6.19007
-6.33558
-6.44181
-6.44497
-6.43789
-5.24133
-5.27303
-5.30514
-5.4145
-5.11485
-5.10315
-5.11146
-5.15992
-5.29923
-5.41536
-5.56055
-5.67944
-5.61473
-5.5426
-5.47708
-5.41059
-5.39939
-5.49649
-5.56113
-5.62679
-5.77323
-5.78775
-5.56306
-5.54164
-5.63328
-5.77716
-5.71525
-5.85692
-5.88855
-5.88396
-3.98118
-4.12449
-4.04235
-4.14687
-4.28752
-4.37118
-4.36155
-4.37294
-4.36117
-4.4512
-4.48318
-4.4415
-4.5815
-4.70477
-4.65144
-4.76522
-4.7373
-4.81529
-4.84014
-4.86447
-4.94897
-4.91345
-4.92293
-4.99553
-4.95413
-4.7864
-4.91405
-4.9096
-4.90586
-4.35285
-4.30594
-4.31774
-4.35337
-4.49428
-4.50609
-4.59944
-4.57576
-4.6196
-4.5572
-4.10574
-4.12173
-4.05904
-4.19962
-4.21404
-4.35259
-4.49391
-4.62884
-4.72011
-4.85483
-4.98647
-4.28665
-4.29382
-4.43065
-4.45451
-4.51312
-4.47614
-4.546
-4.67015
-4.61836
-4.65724
-4.68985
-3.39897
-3.52959
-3.61072
-3.60813
-3.72242
-3.81961
-3.94462
-3.93597
-3.72331
-3.72039
-3.81234
-3.75455
-3.74933
-3.88838
-4.00155
-3.98647
-2.8717
-2.89889
-3.0224
-3.1002
-3.05918
-3.19023
-3.26393
-3.25775
-3.31268
-3.43596
-3.45821
-3.58863
-3.6219
-3.75353
-3.8482
-3.87371
-3.96609
-4.06676
-4.10968
-4.24364
-4.18633
-4.05791
-4.18174
-3.17698
-3.30207
-3.43838
-3.05834
-3.18996
-3.23997
-3.36918
-3.44303
-3.57504
-3.68282
-3.65235
-3.72542
-3.81591
-3.90108
-4.00948
-4.1034
-4.21388
-4.34818
-3.90602
-4.01385
-1.99344
-2.07478
-2.20968
-2.11751
-2.08723
-2.21979
-2.31205
-1.17898
-1.21354
-1.34818
-1.34337
-1.46395
-1.49219
-1.61372
-1.73399
-1.86559
-1.98191
-2.0487
-1.99272
-2.05605
-1.94192
-2.03759
-1.98304
-1.92657
-1.99211
-2.04084
-2.02301
-2.004
-2.1353
-2.10662
-2.18217
-2.21345
-2.34395
-1.85198
-1.98451
-2.1161
-2.16104
-2.28522
-2.22376
-1.96188
-1.90729
-0.937541
-0.698154
-0.725259
-0.832307
-0.89572
-0.854887
-0.925836
-0.944868
-1.05705
-1.14743
-1.14301
-1.04015
-1.11905
-1.06449
-1.17604
-1.12247
-1.10041
-1.20532
-1.27293
-1.25441
-1.38439
-1.5072
-1.52754
-1.65632
-1.58829
-1.56135
-1.62002
-1.71517
-1.82704
-1.95392
-2.08316
-2.21213
-2.24841
-2.28899
-2.40345
-2.51447
-2.62528
-2.68486
-2.70809
-2.71285
-2.83243
-2.95115
-2.95804
-2.94384
-2.94157
-2.68819
-2.79956
-2.80389
-2.76547
-2.88465
-2.98003
-3.10673
-3.21197
-3.3384
-3.30913
-3.25481
-3.37695
-3.46989
-3.49972
-3.61828
-3.67392
-2.91273
-2.86009
-2.96138
-2.97742
-3.03452
-3.01078
-3.11911
-3.24332
-3.3497
-3.33628
-3.44081
-3.39026
-3.51278
-3.56444
-3.68436
-3.76246
-3.7103
-3.44685
-3.53971
-3.45103
-3.56636
-3.68454
-3.68706
-3.74033
-3.85771
-3.84693
-3.92651
-3.90726
-3.8681
-3.94213
-3.95956
-4.0306
-4.14849
-4.26251
-4.38326
-4.47527
-4.469
-4.55611
-4.673
-4.78952
-4.84878
-4.82177
-4.77537
-3.88772
-4.0079
-2.3942
-2.47584
-2.41806
-2.05318
-2.17555
-2.28563
-2.38147
-2.49892
0.404314
0.28076
0.219957
0.17457
0.0792073
-0.041598
0.37167
0.269427
0.147088
0.0404241
0.227602
0.23555
0.132484
0.0912545
0.1415
0.16052
0.0442523
-0.0779829
-0.11873
-0.239392
-0.350777
-0.339067
-0.457134
-0.508932
-0.465668
-0.432977
-0.551431
-0.501192
-0.601317
-0.682937
-0.788423
-0.847097
-0.965566
-0.941307
-1.06095
-1.17041
-1.26231
-1.28575
-1.39768
-1.50608
-1.46303
-1.50662
-1.56054
-1.50761
-1.55507
-1.67289
-1.78597
-1.90428
-1.99552
-2.10674
-2.11065
-2.22392
-2.24123
-2.31217
-2.42994
-2.54509
-2.64221
-2.65159
-2.68159
-2.77924
-2.74283
-1.71251
-1.75505
-1.79175
-1.74981
-1.84741
-1.84708
-1.9627
-1.92798
-2.04496
-2.01899
-2.05028
-2.15268
-2.26231
-2.2391
-2.28829
-1.53601
-1.63488
-1.59235
-1.69456
-1.7623
-1.81855
-1.93078
-2.04566
-2.07273
-2.18767
-2.29894
-0.648397
-0.729072
-0.675535
-0.648632
-0.562162
-0.536137
-0.652409
-0.722205
-0.829127
-0.741389
-0.743153
-0.726276
-0.783705
-0.887749
-0.945803
-1.05517
-1.12614
-0.638935
-0.591809
-0.659595
-0.770932
-0.878831
-0.862557
-0.974215
-0.931531
-1.04607
-1.12793
-1.21235
-1.1727
-1.21303
-1.30418
-1.25389
-1.03109
-1.00855
-0.965992
-1.07145
-1.14364
-1.25353
-1.3497
-1.37478
-1.4253
-1.53792
-1.579
-1.42255
-1.53437
-1.6107
-1.72319
-1.67559
-1.7883
-1.54853
-1.50102
-1.4833
-1.5958
-1.64089
-1.74909
-1.71435
-1.74479
-1.84479
-1.95089
-2.06091
-2.14033
-1.35843
-1.32938
-1.1805
-1.25792
-1.35928
0.0612154
0.022179
0.0683323
0.316289
0.205488
0.153514
0.198457
0.174531
0.0706336
-0.00563717
-0.110056
-0.186317
-0.285285
-0.396754
-0.458549
-0.518364
-0.539898
-0.621097
-0.680859
-0.727318
-0.832582
-0.874717
-0.914788
-0.910875
-0.908735
-0.923289
-0.911605
-1.02155
-1.00087
-1.10813
-1.13704
-1.10013
-1.09478
-1.20439
-1.24856
-1.28338
-1.36477
-1.39846
-1.41393
-1.5159
-1.56399
-0.937026
-1.02553
-1.11991
-0.934269
-0.896526
-0.99466
-0.978472
-1.08689
-0.803721
-0.909582
-0.924234
-1.00976
-1.11347
-1.08325
-1.05768
-1.01688
-0.979699
-0.639324
-0.0225906
-0.0862201
-0.179451
-0.248123
-0.203486
0.0117881
0.0394624
-0.066655
-0.15931
-0.0394851
0.152511
0.0524436
0.09281
-0.00933488
-0.0338984
-0.137956
0.0959944
0.0208541
-0.0740186
-0.108612
-0.186056
-0.2753
-0.231128
-0.273135
-0.370528
-0.404066
-0.504241
-0.54074
-0.562975
-0.510067
-0.555286
-0.517201
-0.585185
-0.529634
-0.541684
-0.49945
-0.58542
-0.574287
-0.604231
-0.700683
-0.773932
-0.808927
-0.801685
-0.839692
-0.86082
-0.945719
-1.05105
-1.01606
-1.07895
-1.05798
-0.99322
-0.979875
-1.06714
-1.14517
-1.17253
0.87106
1.31634
1.29719
1.26041
1.15467
1.04886
0.968194
0.868097
0.784892
0.782401
0.681459
0.696256
2.77022
2.6822
2.57735
2.4822
3.02697
2.93315
2.85225
2.74631
2.76617
2.6958
2.70387
2.61305
2.57212
2.48002
2.42607
2.33091
2.61615
2.65116
2.54595
2.47523
2.37493
2.37419
2.41439
2.37302
2.31308
4.23715
4.1757
4.08975
3.98671
3.91068
3.81845
3.8585
3.79697
3.75283
3.719
3.74597
3.66489
3.58055
3.58828
3.54097
3.4748
3.37916
3.28835
3.19568
3.09947
3.01795
2.9165
2.82408
2.72337
2.82777
2.79607
2.79699
2.7919
2.79795
2.75551
2.69268
2.60722
2.51148
2.55152
2.7267
2.69661
2.5941
2.52279
2.44372
2.44263
2.47021
2.46267
2.44478
2.77142
2.71309
2.61968
2.54904
2.45096
2.35926
2.31667
2.29868
2.29359
2.74559
2.78212
2.71599
2.61433
2.52683
2.44
2.38983
2.40888
2.41696
2.32675
2.36662
2.31794
2.62292
2.5979
2.63744
2.67675
2.58587
2.61374
2.51294
2.46033
2.56157
2.50482
2.72115
2.71028
2.62036
2.65923
2.5681
2.57648
2.59211
4.14
4.04191
3.95331
3.86177
3.78076
3.68234
3.66565
3.65037
3.55145
3.54963
3.49251
3.48081
3.51322
3.48747
3.43112
3.33758
3.23759
3.20582
3.13665
3.11854
3.04432
3.42505
3.38736
3.28782
3.29147
3.32377
3.28334
3.2137
3.11615
3.017
3.0466
3.05177
2.95359
2.91514
2.81851
2.72545
2.81209
2.73665
2.63896
2.56194
2.58693
2.49742
2.40607
2.31631
2.23015
2.24567
2.23784
2.16213
2.08926
2.04002
2.0697
1.97212
1.93972
1.96861
1.96662
1.95661
1.879
1.81967
1.7764
1.84101
1.75548
1.6641
1.66598
1.64508
1.61179
1.52399
1.50311
1.40997
1.33569
1.3261
1.3478
1.31795
1.27174
1.29977
1.44126
1.34959
1.37339
1.29099
1.20316
1.13803
1.577
1.48184
1.42917
1.41605
1.43885
1.405
1.36197
1.34886
1.29572
1.22782
1.14769
1.05247
0.97494
0.886968
0.863456
0.770485
1.13534
1.04489
1.00975
1.04507
0.950486
1.01193
1.03498
1.05855
0.986834
1.47871
1.47835
1.38571
1.32087
1.24502
1.19515
1.14456
1.12874
1.06454
1.0935
1.13115
1.27898
1.18876
1.22527
1.39573
1.40926
1.38549
1.29349
1.23759
1.21715
1.12535
1.07483
1.02355
1.02316
0.943471
0.852472
0.839119
0.74698
0.78472
0.789357
0.697967
0.672794
0.692875
0.725588
0.682067
0.590681
0.542651
0.511435
0.418907
0.383399
0.486772
0.430447
0.346748
0.380548
0.417185
1.62337
1.5576
1.57182
1.48412
1.46962
1.38716
1.29663
1.20984
1.18938
1.17439
1.09058
1.05828
0.968406
0.877349
0.817191
0.883613
0.795188
0.72623
0.725886
0.65652
0.759718
0.749968
0.773204
0.684146
0.593114
0.539964
0.507127
0.54403
0.581051
0.597208
0.550939
0.56033
0.512929
0.519927
0.54872
0.481962
0.447588
0.372945
0.293851
0.330478
0.240142
0.418575
0.328218
0.253681
0.193438
0.105741
0.370555
0.437906
0.446717
0.447554
0.481306
0.458824
0.423122
0.342106
0.343502
0.294577
0.299761
0.210209
0.120813
0.348023
0.657749
0.660553
0.671331
0.605856
0.563981
0.49802
0.526018
0.505936
0.42175
0.388659
0.405611
0.908778
0.927158
1.77365
1.77351
1.68425
1.59808
1.53347
1.55693
1.56101
1.59526
1.50827
1.42501
1.34321
1.25525
1.1664
1.40371
1.53008
1.48232
1.43709
1.42697
1.35034
1.35239
1.27521
1.18753
1.10079
1.01268
0.961267
0.877928
0.789976
0.790649
0.711791
0.648611
0.781446
0.755346
0.692439
0.760358
0.701488
0.673235
0.640462
0.675905
0.619838
0.533068
0.456018
0.384859
0.852845
0.788685
0.77481
0.691586
0.712617
0.736591
0.754086
0.72845
0.641944
0.558174
0.597486
0.566441
0.484313
0.414651
0.414464
0.328606
0.248198
0.258446
0.171837
0.185709
0.217903
0.1359
0.350303
1.10852
1.11033
1.0268
0.941822
0.925876
0.857833
0.861995
0.818481
0.791481
0.803569
0.799017
0.752974
0.774389
0.696877
0.610793
0.608047
0.607776
0.525199
0.445829
0.381428
0.334966
0.251799
0.48533
0.407964
0.347282
1.23306
1.16169
1.18733
1.14941
1.14999
1.11063
1.02857
0.96361
0.878627
0.842409
0.832527
0.759875
0.695769
0.82068
0.735667
0.700644
0.62309
1.99818
1.98431
1.91717
1.83186
1.75423
1.71354
1.63482
1.66845
1.67939
1.71323
1.73201
1.74317
1.67047
1.58602
1.52375
1.45004
1.39455
1.31029
1.22973
1.19206
1.12052
1.04851
1.04805
1.0352
0.976153
0.895366
0.969192
0.9062
0.860549
0.784049
0.73104
0.659013
0.647264
0.66287
0.605363
0.873698
0.86007
1.0057
0.923776
0.84711
0.783866
0.902847
0.825191
0.816845
0.828863
0.820732
0.744159
0.66599
0.582735
0.535418
0.485975
0.418148
2.78871
2.72315
2.64833
2.5987
2.51829
2.43494
2.38549
2.36733
2.3528
2.27797
2.19504
2.27047
2.23467
2.17725
2.17301
2.19941
2.13384
2.06571
2.04911
2.00279
1.98611
1.92919
1.92794
1.85328
1.88261
1.88291
1.84418
1.79625
1.82616
1.78573
1.72691
1.74028
1.65788
1.66816
1.6822
1.60014
1.59881
1.63102
1.57296
1.54561
1.52921
1.4687
1.49461
1.48345
1.47222
1.46472
1.38901
1.30826
1.31215
1.31421
1.30645
1.26295
1.24625
1.17086
1.09503
1.03103
1.02367
1.03274
0.961341
0.881246
0.822113
0.742734
0.663453
0.695614
0.62562
0.548491
0.49231
0.41697
0.354251
0.277776
0.291342
0.211569
0.22488
0.190022
0.113249
1.12538
1.25348
1.2134
1.13359
1.08545
1.01536
1.01494
0.943288
0.882847
0.858105
0.890515
0.843274
0.771645
0.692636
0.627345
0.566827
0.52318
0.523153
0.443338
0.47345
0.473801
0.401642
0.438324
1.20817
1.16071
1.53818
1.49834
1.4462
1.42443
3.18982
3.11595
3.3825
3.3088
3.24042
3.24351
3.27466
3.19595
3.14788
3.07591
3.00353
2.98222
2.91252
2.85392
2.8326
2.80858
2.7634
2.79347
2.74719
2.68555
2.71589
2.66562
2.68551
2.70847
2.63086
3.05807
3.07566
3.05886
3.03721
3.00328
2.93879
2.86718
2.94656
2.87572
2.83724
2.86036
2.78903
2.71629
2.68757
2.69018
2.70873
2.63578
3.1763
3.55607
4.26232
4.2606
4.28885
4.21711
4.24091
4.16322
4.12357
4.09674
4.09242
4.06009
4.00558
4.03511
4.03603
3.96336
3.94053
5.12135
5.15081
5.12592
5.05549
5.04987
4.97977
4.95862
4.89301
4.99759
4.92633
5.09283
5.40833
5.37712
5.37498
5.37429
5.37214
5.29419
5.24177
5.18457
5.21736
5.13937
5.16199
5.12699
5.1133
5.04642
5.07223
5.04405
5.057
4.98952
4.9112
4.90808
4.93358
4.85907
4.85912
4.78658
4.78469
4.73945
4.67581
4.93608
4.93014
4.90992
4.87437
4.83697
4.83182
4.79849
4.79659
4.79781
4.7551
4.68294
4.71084
4.71326
4.70126
4.68759
4.67859
4.77251
4.71509
4.66678
4.62703
4.55683
4.49046
4.50649
4.5293
4.63939
4.56751
4.59153
4.52571
4.48278
5.52356
5.5214
5.49586
5.42704
5.38288
5.42548
5.37387
5.31452
5.27199
5.1961
5.18953
5.18955
5.11742
5.71237
5.74082
5.68884
5.70634
6.18074
6.18393
6.12584
6.15419
7.97299
7.89561
7.9197
7.87773
7.90162
7.8636
7.88679
7.88374
7.89943
7.82189
8.45692
8.45457
8.47395
8.47962
8.48926
8.41337
8.3952
8.32007
8.31845
8.32874
8.33579
8.35717
8.28038
8.27981
8.26617
8.23549
8.3198
8.34596
8.35579
8.29288
9.09704
9.02743
8.98948
8.96643
8.91983
8.85857
8.78786
8.79075
8.77378
8.69685
8.62206
8.56641
8.85987
8.79391
8.71994
8.66204
8.58537
8.52225
8.49832
8.42347
8.44793
8.37266
8.30253
8.31079
8.31729
8.28551
8.24464
8.21058
8.23091
8.18338
8.2334
8.25245
8.18063
8.18043
8.14192
8.07622
8.08876
8.10782
8.12283
8.11726
8.31201
8.24347
8.25809
8.18587
8.21172
8.15717
8.1342
8.12289
8.05424
7.99345
7.95623
8.02033
8.02855
8.03039
8.05628
8.0387
8.04412
8.00093
7.94684
8.00062
7.92541
7.93944
8.00018
8.02679
7.97319
7.96662
7.9554
7.92893
7.85396
7.77916
7.70458
7.63853
7.57518
7.50404
7.42992
7.42661
7.4376
7.45045
7.45192
7.38299
7.37186
7.57137
7.53805
7.49847
7.56603
7.4968
7.45875
7.40814
7.38605
7.31709
7.32714
7.31231
7.42439
7.43676
7.39829
7.32456
7.28797
7.31362
7.27184
7.20214
7.22233
7.22145
7.15911
7.15246
7.09988
7.07742
7.01483
7.01224
6.99351
6.93867
6.86521
6.862
6.85053
6.98101
6.91548
7.12002
7.11609
7.08967
7.05308
7.02387
6.95336
6.88515
6.82613
6.83624
6.78176
6.75097
6.68067
6.63579
6.56329
6.50368
6.55768
6.58396
6.60432
6.59044
6.56662
6.49419
6.42234
6.42623
6.84269
6.7763
6.70699
6.67042
7.18715
7.18075
7.20452
7.22902
7.17495
7.1797
7.33125
7.34856
7.27605
7.27979
7.27827
7.21596
7.2307
7.17942
7.32894
7.3201
7.25778
7.20877
7.20509
7.15253
7.16628
7.11777
7.04567
7.17566
7.11513
7.10423
7.03286
7.03033
6.98995
6.97364
6.98734
6.97312
6.90687
6.85941
6.88205
6.82229
6.83953
6.76792
6.69771
6.62765
6.57771
6.80539
6.75823
6.81943
6.80115
6.74702
6.70646
6.72916
6.70719
6.70891
6.67703
6.87489
6.96172
6.92932
6.86077
6.85979
6.84242
6.86803
6.87723
6.82448
6.7768
6.76572
6.74578
6.67562
6.69554
6.71261
6.6504
6.60197
6.58295
6.52959
6.45947
6.46832
6.40281
6.33262
6.2752
6.26129
6.19137
6.14636
6.16748
6.09721
6.07376
6.06797
6.09351
6.02643
6.03656
6.05886
6.06953
6.14444
6.15536
6.48819
6.51129
6.44758
6.49863
6.4663
6.39938
6.37511
6.31256
6.24419
6.17888
6.11307
6.05569
6.03199
6.01748
6.03127
5.99702
6.01891
6.00648
6.44473
6.42148
6.36189
6.30519
6.23843
6.21942
6.22815
6.19397
6.14339
6.20495
6.23024
6.16312
6.14038
6.13327
6.28165
6.24311
6.18989
6.14275
6.13041
6.13381
6.12216
6.0745
6.03137
6.00667
6.32689
6.27426
6.22961
6.24614
6.21111
6.1424
6.07774
6.02114
5.953
5.88458
5.90093
5.8854
5.81676
5.75275
5.76602
5.7302
5.71961
5.74474
5.67998
5.61797
5.60847
5.70554
5.67595
5.67135
5.67789
5.71717
5.73729
5.66963
5.6088
5.60652
5.54766
5.60445
5.61598
5.64111
5.62674
5.78842
6.05469
6.04429
6.01699
6.02699
5.95914
5.96544
5.95095
5.92542
5.93082
5.95866
5.93967
5.87458
5.83032
5.85546
5.78898
5.73248
5.66514
5.61251
5.55336
5.48825
5.47988
5.46427
5.40765
5.34975
5.36994
5.35222
5.29734
5.24811
5.18133
5.20358
5.18501
5.349
5.28663
5.26867
5.28106
5.5285
5.50825
5.45408
5.47827
5.5843
5.52772
5.4609
5.46923
5.41227
5.34765
5.36836
5.46616
5.48924
5.49419
5.42776
5.39493
5.34872
5.37308
5.31597
5.30882
5.31092
5.31156
5.30982
5.29428
5.31726
5.34203
5.35773
5.3303
5.26649
5.20345
5.13959
5.07364
5.03622
5.0349
4.98453
4.9939
4.93884
4.88851
4.8764
4.87045
4.86449
4.83139
4.81731
4.79538
4.76924
4.70834
4.66352
4.60925
4.62784
4.59525
4.58195
4.71755
4.69902
4.68732
4.63159
4.60113
4.53701
4.54351
4.52427
4.46592
4.40049
4.33679
4.34007
4.35218
4.29244
4.38922
4.41241
4.38056
4.32
4.25733
4.20819
4.14805
4.0841
4.06399
4.06705
4.02481
3.96368
3.96746
3.98169
3.92368
3.94625
3.89078
3.91069
3.8479
3.79699
3.75315
3.75191
3.76692
3.70906
3.65098
3.6456
3.58122
3.57317
3.54404
3.47984
3.91939
3.85584
3.79136
4.39478
4.40626
4.38136
4.32717
4.27191
4.21447
4.16106
4.39514
4.44322
4.42352
4.36062
4.29627
4.23876
4.23136
4.25031
4.27272
4.23352
4.18246
4.22243
4.16899
4.12441
4.1335
4.13215
4.08404
4.09333
4.10536
4.12425
4.14394
4.15228
4.0884
4.10035
4.09248
4.03295
4.05701
4.07014
4.03209
3.99578
4.01694
3.97456
3.91091
3.85952
3.79905
3.77087
3.73084
3.75012
3.7146
3.7257
3.71566
3.72185
3.66765
4.06824
4.53389
5.22628
5.16261
5.17144
5.10955
5.0572
5.03512
5.02138
4.97233
4.99096
4.94924
4.88716
4.84214
4.77889
4.83361
4.77039
5.06081
5.01714
5.38987
5.38217
5.37352
5.35069
5.36333
5.36607
5.31184
5.25307
5.21943
5.15679
5.0971
5.07509
5.02289
4.9622
4.92873
4.88668
4.86792
4.83637
4.77673
4.72833
4.66597
4.91623
4.85428
4.81988
4.79168
4.77853
4.76332
4.70431
4.64292
4.66226
4.62284
4.7177
4.65505
4.60808
4.56696
4.56101
4.5026
4.44467
4.40685
4.35355
4.32321
4.29164
4.5473
4.55
4.56615
4.55687
4.57499
4.52147
4.53192
4.47002
4.4385
4.3765
4.37455
4.37505
4.3422
4.29377
4.27814
4.24659
4.18464
4.12401
4.07833
4.06977
4.08826
4.03262
3.98822
3.99229
3.98046
3.94642
4.14254
4.08671
4.09659
4.06442
4.0809
4.03256
4.04287
3.98287
5.04865
5.02159
4.97052
4.99372
4.95612
4.90834
4.8852
4.82868
4.79612
4.79803
4.89077
4.82929
4.81029
4.84249
4.78264
4.73791
4.68692
4.66529
4.60925
4.68454
4.62313
4.56993
4.53401
4.48477
4.8124
4.81518
4.76674
4.70877
4.68951
4.65076
4.67168
5.12157
5.08479
5.06845
5.05869
5.00617
4.96309
4.91176
4.91133
4.89867
4.84132
4.80825
4.78216
4.74309
4.68662
4.62666
4.57152
4.51574
4.5118
4.48456
4.50692
4.462
4.53413
4.51688
4.46991
4.41228
4.35402
4.30689
4.26724
4.23395
4.30823
4.26125
4.32607
4.34905
4.52367
4.46413
4.46653
4.41503
4.39584
4.38203
4.6768
4.96772
4.92712
4.94565
4.92609
4.89557
4.83637
4.88129
4.88619
5.11111
5.06703
5.12911
5.15164
5.11234
5.10677
5.12043
5.13842
5.1596
5.13608
5.13451
5.07428
5.04965
5.00888
4.95782
4.96073
4.91298
4.86455
4.87956
4.85216
4.83128
4.80554
4.82722
4.83811
4.7905
4.73845
4.75394
4.72914
4.67889
4.63685
4.58015
4.52677
4.53631
4.80083
5.4343
5.37471
5.39653
5.35218
5.29569
5.28059
5.2261
5.18307
5.14574
5.13078
5.14954
5.13917
5.08336
5.03887
5.04556
4.99268
4.93624
5.32605
5.28784
5.3072
5.25158
5.21822
5.17479
5.30839
5.32155
5.48441
5.42496
5.36555
5.33666
5.35404
5.37555
5.35856
5.31884
5.51853
5.46245
5.47592
5.42429
5.60317
5.61849
5.62231
5.5689
5.58083
5.53086
5.5003
6.3695
6.3259
6.33886
6.34818
6.29321
6.43286
6.37818
6.34244
6.28658
6.24331
6.22095
6.72528
6.67233
6.62972
6.57501
6.59645
6.54062
6.48155
6.4228
6.42984
6.3847
6.32614
6.26728
6.20895
6.1529
6.12815
6.07244
6.09404
6.09794
6.11726
6.06635
6.01286
5.978
5.98129
6.1305
6.13771
6.26581
6.2071
6.15416
6.10942
6.07974
6.06906
6.02559
6.00998
5.95147
5.97269
5.95513
5.90312
5.94725
5.94644
5.90974
6.00841
5.99353
5.95117
6.61635
6.60689
6.54898
6.56707
6.53178
6.47337
6.42865
6.37273
6.35804
6.35678
6.3184
6.32508
6.26703
6.23678
6.24522
6.18776
6.15625
6.12931
6.0824
6.0894
6.03171
6.04509
6.00341
6.46572
6.41753
6.41885
6.41633
6.36353
6.36697
6.38813
6.36049
6.60253
6.54828
6.4923
6.48115
6.459
6.40641
7.06527
7.02482
7.23571
7.19532
7.21614
7.17115
7.1351
7.10132
7.05373
7.02865
6.9719
6.96656
6.95766
6.97385
6.91705
6.92629
6.90849
6.85697
6.80087
6.77034
6.71332
6.67635
6.68998
7.4992
7.44982
7.39608
7.34431
7.33362
7.27598
7.73445
7.68256
7.64471
8.03106
7.98705
7.95754
8.24709
8.24472
8.26508
8.22063
8.16402
8.17294
8.14374
8.19101
8.14287
8.09114
8.03924
8.02353
8.02364
8.00939
8.02973
8.04586
8.02018
8.02589
7.97602
7.95021
7.90715
7.92742
7.87604
7.82866
7.801
7.744
7.7407
7.76069
7.77503
7.77169
7.7282
7.73661
7.69052
7.64109
7.59982
7.54298
7.69015
7.67057
7.65675
7.60546
7.57218
7.58021
7.55872
7.57814
7.54264
7.55622
7.51075
7.45551
7.4007
7.38193
7.34453
7.34497
7.34415
7.28841
7.26541
7.22456
7.17525
7.11871
7.0651
7.0204
7.11544
7.13551
7.13497
7.19129
7.137
7.12313
7.13293
7.38878
7.40676
7.36613
7.3104
7.25405
7.22847
7.21293
7.16213
7.1142
7.07163
7.01566
6.96957
6.95536
6.89932
6.91429
6.90572
6.86306
6.84498
6.8652
7.02485
6.97252
6.91654
6.8766
6.82746
6.81694
6.8136
6.76531
6.92801
6.92508
6.89103
6.83874
6.81706
6.77404
6.72299
6.6987
6.65955
6.63865
6.61369
6.60707
6.56859
6.51717
6.47887
6.4961
6.47216
6.43856
6.42663
6.37122
6.64671
6.73337
6.67954
6.62637
6.57729
6.5233
6.54194
6.52357
6.4869
6.47772
6.42264
6.40474
6.36871
6.33902
6.3078
6.36853
6.3887
6.33521
6.29268
6.23765
6.19269
6.16683
6.16386
6.10936
6.11627
6.13523
6.27356
6.36333
6.31974
6.26942
6.21464
6.19723
6.14667
6.16157
6.10721
6.05289
6.071
6.01623
5.96548
5.92062
5.90167
5.87264
5.82513
5.83048
5.79813
5.74848
5.73402
5.73106
5.71625
5.68942
5.683
5.63611
5.65439
5.64548
5.59193
5.60216
5.56851
5.58318
5.75334
5.69922
5.96793
5.98226
5.94285
5.91298
5.92165
5.93449
5.93687
5.90666
5.85422
5.867
5.81444
5.82253
5.78791
5.73556
5.70556
5.65757
5.98236
5.97441
5.9352
5.94369
5.9576
6.14481
6.09212
6.03958
6.00238
5.94938
5.89635
5.8505
5.80642
5.77981
5.72806
5.74169
5.70388
5.69757
5.65199
5.65827
5.67616
5.62256
5.60794
5.56735
5.56143
5.54343
5.78232
5.79214
5.77885
5.75274
5.72502
5.73885
5.75837
5.72444
5.69984
5.64625
5.61087
5.74323
5.70388
5.74049
5.68697
5.71144
5.86871
5.81701
5.82624
5.78936
5.77321
5.74963
5.72297
5.74217
5.68892
5.64518
5.6031
5.59562
5.61369
5.5773
5.56077
5.53073
5.49869
5.46677
5.48063
5.43752
5.39058
5.35968
5.32484
5.33319
5.32116
5.33826
5.33193
5.34374
5.30602
5.32544
5.34111
5.32839
5.2914
5.3187
5.32951
5.3082
5.2565
5.78438
5.73447
5.70671
5.66076
5.66007
5.67724
5.84913
5.86844
5.86685
5.88221
5.93157
5.90354
5.85097
5.82819
5.8068
5.7783
5.73171
5.67908
5.6271
5.58523
5.55291
5.55143
5.50037
5.46027
5.44643
5.47941
5.45332
5.46014
5.43776
5.39826
5.34681
5.35492
5.33871
5.28697
5.24732
5.22766
5.18594
5.15983
5.1631
5.11475
5.07941
5.05977
5.0083
4.96913
4.93665
4.89319
4.90193
4.94187
4.89166
4.91061
4.91331
4.92087
5.46384
5.47715
5.61034
5.55921
5.50976
5.56676
5.56811
5.51909
5.46704
5.4171
5.36617
5.31765
5.27418
5.25194
5.20171
5.15099
5.15452
5.15681
5.1339
5.13591
5.10111
5.05022
5.00336
4.96879
4.94317
4.89169
4.84072
4.82759
4.79694
4.74764
4.73192
4.71062
4.71877
5.12257
5.09675
5.10735
5.0559
5.00702
5.00947
4.9632
4.93159
4.97877
4.99736
4.96408
4.91265
4.93193
4.92867
4.93003
4.93867
4.95222
4.96933
4.91849
4.91012
4.92794
4.91162
4.87652
4.83325
4.83523
4.92721
4.89895
4.91352
4.87854
4.88637
4.83579
4.80698
4.76169
4.77994
4.82113
4.83108
4.78011
4.72962
4.72251
5.29666
5.27149
5.23599
5.19019
5.20278
5.16858
5.12026
5.07899
5.03025
5.03576
5.03198
4.98349
4.93297
4.95037
4.89949
4.84873
4.84644
4.89451
4.85244
4.83393
4.81366
4.81242
4.76365
4.74436
4.76989
4.72247
5.25524
5.20468
5.22293
5.23423
5.29815
5.30873
5.25798
5.24046
5.30863
5.39221
5.36408
5.31789
5.28806
5.32408
5.3243
5.31363
5.3316
5.29528
5.27157
5.24306
5.21565
5.20189
5.17349
5.15447
5.1085
5.06023
5.02463
5.02007
4.9791
4.92937
4.98004
4.94621
4.90777
4.90815
4.90263
4.86142
4.84078
4.81816
4.77557
4.73445
4.80644
4.825
4.83919
4.82711
4.78488
4.74551
4.75776
4.70938
4.66978
4.64598
4.60107
4.55338
4.51326
4.46381
4.46268
4.42304
4.39453
4.41308
4.39976
4.35114
4.37711
4.33346
4.28372
4.27101
4.23369
4.18595
4.13946
4.67558
4.6446
4.6168
4.61595
4.58414
4.53558
4.48809
4.4577
4.73998
4.69733
4.6577
4.65876
4.62235
4.71723
4.66931
4.62337
4.63298
4.60034
4.57918
4.57242
4.58567
4.5561
4.54605
4.50155
4.4834
4.43448
4.39124
4.34436
4.30344
4.30552
4.27572
4.26552
4.27783
4.24587
4.233
4.24898
4.23874
4.25484
4.25187
4.20803
4.22386
4.22488
4.18425
4.17484
4.15709
4.10837
4.1007
4.1103
4.1072
4.09414
4.04516
4.05135
4.03077
3.98291
3.99802
3.94916
3.94642
3.90707
3.89134
3.84269
3.83093
3.80653
3.76465
3.72758
3.69706
3.70497
3.65675
3.67454
3.64901
3.60151
3.55409
3.75566
3.71126
3.72061
3.68341
3.70108
3.70248
3.65683
3.61988
3.62976
3.58407
3.55122
3.98307
3.98144
3.93783
3.92352
3.88144
4.0956
4.08458
4.08412
4.06822
4.02193
3.99307
3.97917
3.95464
3.90618
3.87014
3.86607
3.83983
3.8211
3.87672
3.83424
3.80639
3.7884
4.04362
4.03555
4.26889
4.33353
4.29834
4.26253
4.23141
4.24369
4.23331
4.18977
4.1433
4.1533
4.14409
4.09622
4.13732
4.09072
4.06958
4.07922
4.07409
4.02633
3.99809
3.98123
3.9516
3.90412
3.87246
3.8251
3.77758
3.73742
3.73575
3.74131
3.75647
3.72033
3.71455
3.72221
3.71075
3.66337
3.65241
3.63049
3.64265
3.59634
3.55223
3.5604
3.54009
3.5967
3.57546
3.57109
3.53668
3.52824
3.49593
3.45014
3.45821
3.43233
3.44223
3.46041
3.41281
3.41178
3.40741
3.36962
3.37454
3.37892
3.34286
3.32242
3.27602
3.24196
3.21854
3.20425
3.15851
3.13016
3.28834
3.3035
3.27471
3.23021
3.25806
3.24295
3.20998
3.1666
3.13586
3.21418
3.18247
3.14919
3.10436
3.10988
3.069
3.03837
2.99639
3.00734
2.96074
2.91889
2.89851
2.92274
2.88434
2.84648
2.8084
2.82638
2.84459
2.91074
2.90828
2.87993
2.89773
2.91041
2.89774
2.85195
2.86139
2.85061
2.80374
2.7701
2.74554
2.72634
2.71357
2.7538
2.70716
2.72423
2.78135
2.76968
2.72405
2.67745
2.64679
2.63737
2.69333
2.67892
2.63736
2.59797
2.64027
2.59412
2.61478
2.64422
2.60327
2.56824
2.55705
2.51055
2.47838
2.43816
2.40021
2.39111
2.36561
2.34725
2.68911
2.6437
2.65499
2.61255
2.7993
2.7529
2.70893
2.68382
2.68164
2.6372
2.64007
2.59385
2.61191
2.60304
2.56998
2.56214
2.7477
2.74372
2.69752
2.69963
2.67154
2.63958
3.34196
3.35987
3.34049
3.3174
3.33504
3.35204
3.30703
3.26074
3.26551
3.54851
3.60245
3.58095
3.53543
3.49011
3.44902
3.40407
3.54233
3.501
3.45497
3.62652
3.59514
3.59718
3.59147
3.54997
3.50452
3.48567
3.49761
3.49064
3.4561
3.44224
3.53532
3.51109
3.48343
3.4408
3.40205
3.35649
3.31379
3.30897
3.30135
3.25539
3.22748
3.18165
3.14791
3.45579
3.45498
3.43796
3.39209
3.34701
3.34815
3.3295
3.29964
3.2538
3.23993
3.20142
3.16625
3.1553
3.12109
3.11327
3.06756
3.04261
3.03918
3.01637
3.02898
3.00696
3.00973
2.99295
2.95225
3.49631
3.48501
3.46192
3.41657
3.37625
3.33436
3.29893
3.30751
3.31611
3.2895
3.24638
3.21342
3.21457
3.17997
3.17435
3.18374
3.16884
3.14758
3.12958
3.11439
3.07525
3.09236
3.04844
3.00451
3.02409
2.996
2.9898
2.98252
2.98995
2.9816
2.94062
2.89593
2.8673
2.82363
2.80326
3.0358
3.03194
2.9974
2.98329
3.07445
3.08025
3.07234
3.03023
3.00086
2.96982
2.92608
2.88911
2.8877
2.84347
2.80535
2.78506
2.74374
2.69954
2.7048
2.66024
2.61597
2.58546
2.54088
2.51702
2.47221
2.48719
2.48525
2.447
2.44819
2.54107
2.4966
2.59277
2.57196
2.52729
2.53663
2.52643
2.50262
2.46172
2.42551
2.38116
2.37331
2.38362
2.43559
2.43085
2.43441
2.43404
2.39157
2.3747
2.3337
2.28984
2.25053
2.26187
2.24061
2.23804
2.2048
2.18336
2.14206
2.14319
2.3946
3.30314
3.29144
3.26787
3.22328
3.20654
3.21478
3.17387
3.13408
3.09107
3.09733
3.06848
3.0744
3.04602
3.00721
2.98135
2.94373
2.91051
2.87544
2.84039
2.8031
2.78653
2.79765
2.79433
2.76246
2.77466
2.73872
2.69577
2.65349
2.61228
2.62903
2.63072
2.63401
2.67936
2.6454
2.66271
2.65267
2.63298
2.59521
2.59497
2.55513
2.56
2.56607
2.5229
2.52132
2.58797
2.58835
2.54975
2.53005
2.54639
2.54318
2.55805
2.52732
2.49081
2.48123
2.45924
2.45066
2.41798
2.3756
2.36966
2.33705
2.32027
2.28903
2.28852
2.28217
2.23896
2.25151
2.20936
2.18482
2.15351
2.11813
2.08366
2.04805
2.047
2.0213
1.99429
2.01061
1.98192
1.9831
1.95583
2.01048
2.11094
2.08531
2.05315
2.04668
2.00914
2.00946
1.96984
1.9285
1.88881
1.85426
1.85208
1.84206
1.85851
1.81872
1.7919
1.78727
1.79884
1.8054
1.78362
1.78344
1.7803
1.79063
1.775
1.74307
1.7086
1.74846
1.792
1.7722
1.73459
1.86953
1.82638
1.84243
2.17613
2.1729
2.16228
2.16446
2.17874
2.18579
2.14264
2.10024
2.05703
2.01384
1.97518
2.08166
2.03863
2.02557
2.03761
2.045
2.02066
1.97823
1.99484
1.98339
1.99702
1.98414
2.00075
1.95952
1.97226
1.97182
1.93623
1.95171
1.9683
1.93134
1.90061
1.8616
1.81911
2.2063
2.16419
2.13621
2.11195
2.09132
2.04873
2.06565
2.05554
2.03452
1.99274
1.95961
1.92006
1.93016
1.92001
1.92839
1.90629
1.86349
1.88037
1.89591
1.94341
2.03949
2.05018
2.00872
1.97602
1.93539
1.89535
1.91497
1.92686
1.89406
1.8808
1.86727
1.8628
1.82346
1.7982
1.79557
1.78618
1.74453
2.13114
2.09951
2.08177
2.08971
2.08179
2.052
2.03313
2.01198
1.99592
1.96503
1.97254
1.97674
1.93454
1.99194
1.97517
1.94733
1.9055
1.88102
1.89787
1.89615
1.85778
1.82424
1.85376
1.84057
1.799
1.80058
1.7584
1.71615
1.67496
1.63291
1.59135
1.5559
1.51696
1.51139
1.4747
1.56735
1.59677
1.56893
1.55848
1.53318
1.50691
1.46561
1.42384
1.3971
1.37105
1.39461
1.36286
1.4258
1.40127
1.40171
1.36155
1.31956
1.29557
1.25422
1.21264
1.22837
1.19928
1.19913
1.17819
1.14176
1.10478
1.07471
1.08825
1.08537
1.04354
1.00711
0.96886
0.956457
0.966491
0.944737
0.903808
0.862613
0.82228
1.84313
1.80961
1.80719
1.76958
1.75731
1.75483
1.71323
1.72346
1.72247
1.6813
1.66878
1.65826
1.63776
1.5984
1.58477
1.54397
1.558
1.51722
1.50547
1.50135
1.46063
1.42364
1.395
1.39566
1.35919
1.36405
1.33645
1.32161
1.28108
1.2762
1.2428
1.23033
1.19625
1.17973
1.22467
1.19411
1.15294
1.16259
1.16792
1.13225
1.0909
1.09837
1.05819
1.03443
1.03153
0.993195
1.00134
0.978313
0.940398
0.904824
0.916169
0.890179
0.850365
0.846558
0.805455
0.82168
0.865505
1.18515
1.22357
1.19062
1.15036
1.15444
1.11458
1.12333
1.09474
1.05649
1.01533
0.997471
0.96268
1.05137
1.01147
0.970553
0.957817
0.920773
0.94408
0.940283
0.900748
0.899129
0.877918
0.854846
0.829546
0.793333
0.7651
0.729244
0.691145
0.651455
0.633276
0.59971
0.567796
0.55704
0.522675
0.487456
0.460749
0.423619
0.391257
0.405003
0.390157
0.354806
0.327842
0.32141
0.571261
0.530609
0.500355
0.512146
0.494813
0.544871
0.512644
0.721771
0.682971
0.672986
0.670575
0.630237
0.637556
0.597627
0.571098
0.600782
0.607371
0.604518
0.581312
0.597146
0.578262
0.54159
0.556553
0.659973
0.673144
0.728391
0.741669
0.705391
0.666518
0.674363
0.638175
0.597818
0.590015
0.571788
0.586572
0.571395
0.535869
0.50134
0.749117
0.716881
0.69345
2.20257
2.18901
2.23442
2.21474
2.204
2.23445
2.23399
2.22458
2.23591
2.23147
2.40681
2.46661
2.48488
2.45792
2.4198
2.38114
2.35684
2.33274
2.34793
2.34175
2.35402
2.32089
2.28219
2.25824
2.22596
2.20314
2.1972
2.18601
2.19753
2.15868
2.11826
2.1058
2.06551
2.0683
2.05981
2.04521
2.00666
2.00937
1.96961
2.03706
2.02898
2.0219
2.03532
1.99852
1.96751
1.98325
1.94298
1.90585
1.8718
2.05805
2.01859
1.98069
1.99418
1.96669
1.96628
2.03323
2.0285
2.32906
2.34339
2.31464
2.32607
2.38465
2.36747
2.56349
2.52431
2.49641
2.50438
2.49363
2.50675
2.50749
2.47085
2.44463
2.43557
2.43866
2.43816
2.87619
2.88548
2.89995
2.88884
2.87301
2.83463
2.79472
2.80718
2.77448
2.78977
2.79922
2.7601
2.75155
2.76306
2.72382
2.71574
2.67677
2.64221
2.63083
2.59791
2.56953
2.56634
2.56509
2.55832
2.5227
2.50731
2.47826
2.45282
2.45697
2.46416
2.43106
2.39998
2.59221
2.56402
2.54788
2.55258
2.56813
2.73645
2.70571
2.71196
2.68426
2.64443
2.6299
2.62441
2.58789
2.56076
2.53693
2.54195
2.54808
2.51798
2.47823
2.43863
2.42501
2.40701
2.41594
2.37783
2.38796
2.35519
2.31629
2.33984
2.31428
2.28709
2.24989
2.22971
2.19038
2.18993
2.17455
2.13563
2.09635
2.11123
2.07234
2.04532
2.01422
2.00753
1.99525
1.95868
1.91927
1.88308
1.84903
1.84421
1.82099
1.78161
1.83032
1.79174
1.75239
1.74154
1.7334
1.69496
1.70134
1.6652
1.68061
1.65603
1.63134
1.61557
1.61045
1.593
1.59477
1.7285
1.68996
1.66777
1.65116
1.61197
1.60573
1.62121
1.59309
1.55634
1.51723
1.47834
1.47656
1.70723
2.00202
1.99709
1.99599
1.95812
1.92933
1.94242
1.92748
1.94229
1.94208
1.91018
1.91874
1.90103
1.9164
2.02838
2.00677
2.12987
2.22987
2.20611
2.18734
2.14827
2.11561
2.38635
2.34741
2.3112
2.29079
2.27283
2.25637
2.2676
2.26714
2.24703
2.22279
2.20327
2.21372
2.17716
2.17145
2.1333
2.12913
2.13109
2.12577
2.0879
2.05345
2.03466
1.99914
1.97518
1.97161
1.98124
1.94283
1.90599
2.41905
2.42819
2.45696
2.47013
2.46065
2.46342
2.43829
2.45297
2.43403
2.41464
2.3916
2.39401
2.3667
2.33193
2.29327
2.2815
2.26707
2.26331
2.23829
2.2092
2.21895
2.19784
2.19187
2.17403
2.16351
2.13984
2.10119
2.06824
2.06092
2.02348
1.98759
1.95669
1.91826
1.90704
1.90399
1.87161
1.86448
2.28772
2.26819
2.32672
2.32691
2.29078
2.25419
2.22094
2.22597
2.23676
2.20837
2.2026
2.18861
2.18922
2.18982
2.40153
2.3835
2.36423
2.37471
2.38551
2.35048
2.32331
2.31278
2.30276
2.26444
2.22895
2.2156
2.17891
2.18602
2.14768
2.11313
2.10783
2.0805
2.06636
2.05129
2.02118
1.99586
1.97514
1.93692
1.9172
1.91453
1.92733
1.88938
1.90091
1.86286
1.83342
1.84169
1.83567
1.83294
1.80414
1.80861
1.80003
1.80299
1.81209
1.78093
1.77336
1.7878
1.80007
1.79788
1.81721
1.78964
1.75239
1.72393
1.69373
1.66625
1.68893
1.65097
1.66171
1.62778
1.77912
1.75954
1.75384
1.73543
1.7024
1.68648
1.69351
2.05216
2.01687
2.0084
2.03807
2.02937
1.99814
2.0117
1.97381
1.94327
1.94401
1.94991
1.93271
1.9013
1.90007
1.87725
1.86814
1.87764
1.88264
1.84483
1.81004
1.79766
1.81121
1.77606
1.73843
1.7011
1.75332
1.75811
1.73466
1.73319
1.69894
1.66124
1.66247
1.6496
1.61405
1.71621
1.72458
1.69505
1.66213
1.76243
1.73951
1.72688
1.7295
1.7019
1.7133
1.705
1.71102
1.8513
1.81379
1.79456
1.76946
1.73314
1.86928
1.87856
1.87693
1.85771
1.86214
1.8267
1.82871
1.81713
1.78753
1.75115
1.717
1.71002
1.67397
1.66078
1.64152
1.60945
1.60834
1.57179
1.54563
1.53988
1.51691
1.50696
1.51475
1.479
1.62557
1.60154
1.57094
1.57218
1.56449
1.72388
1.7057
1.66846
1.63668
1.59941
1.56706
1.54376
1.5296
1.49242
1.46751
1.48386
1.45397
1.45982
1.45614
1.46215
1.42538
1.40602
1.41838
1.38779
1.38753
1.62807
1.60282
1.5658
1.58038
1.56645
1.5294
1.49354
1.49128
2.63339
2.62422
2.62013
2.64745
2.65994
2.65743
2.67093
2.72362
2.69535
2.66585
2.62956
2.59435
2.59386
2.60402
2.56694
2.54469
2.62065
2.58861
2.57392
2.55805
3.31614
3.2801
3.2822
3.25283
3.24596
3.21801
3.22951
3.19374
3.18023
3.15296
3.16583
3.13468
3.14845
3.13418
3.11487
3.07782
3.04582
3.00888
2.97584
2.98413
2.95458
2.91755
2.91515
2.92683
2.90648
2.89519
2.8811
2.86072
2.85817
2.82296
2.8041
2.9269
2.91563
2.92827
2.91393
2.90091
2.86667
2.87625
2.86014
2.92538
2.93893
2.90199
2.86557
2.83126
2.8387
2.85286
2.8529
2.867
2.84969
2.81491
2.82425
2.78867
2.75858
2.74451
2.71372
2.67827
2.74142
2.75326
2.71671
2.68373
2.68658
2.66056
2.62938
2.60503
2.57011
2.54793
2.52869
2.494
2.47637
2.48397
2.49452
2.46299
2.42643
2.43179
2.4272
2.43018
2.40637
2.37914
2.37546
2.35936
2.34446
2.34995
2.33536
2.29963
2.40064
2.38783
2.42057
2.40261
2.40042
2.36931
2.35794
2.32645
2.29943
2.27538
2.5085
2.52273
2.52922
2.50056
2.48742
2.45349
2.43318
2.40816
2.39742
2.37157
2.34473
2.30862
2.27268
2.24732
2.21115
2.22512
2.18968
2.15805
2.13201
2.13322
2.11261
2.07804
2.62338
2.63756
2.60151
2.67157
2.64503
2.64383
2.61013
3.52132
3.50875
3.67977
3.66223
3.73805
3.71942
3.68697
4.03358
4.04661
4.04417
4.02815
4.04082
4.01692
4.02195
3.99629
3.96019
3.92405
3.90777
3.90532
3.87453
3.84814
3.81329
3.79977
3.77605
3.74123
3.71605
3.68163
3.6453
3.62168
3.59879
3.60152
3.56685
3.53606
3.49986
3.46565
3.43582
3.40941
3.40349
3.39212
3.37869
3.34255
3.35431
3.3679
3.35555
3.35742
3.32176
3.33463
3.34813
3.4415
3.41652
3.41809
3.43894
3.41126
3.41639
3.40017
3.38487
3.35025
3.32038
3.28963
3.26711
3.25807
3.22205
3.18739
3.16637
3.16148
3.13011
3.12953
3.1024
3.10596
3.08511
3.06851
3.06555
3.02981
3.03511
3.0275
3.10173
3.11258
3.07837
3.07745
3.06798
3.03392
3.01125
3.02619
3.0378
3.04631
3.24588
3.22375
3.20948
3.17811
3.14907
3.1191
3.352
3.33896
3.35088
3.33592
3.31154
3.27647
3.24379
3.3203
3.31896
3.44589
3.41023
3.37847
3.38537
3.65877
3.6412
3.60598
3.57774
3.54199
3.54345
3.55439
3.55374
3.5453
3.53184
3.53839
3.55147
3.51849
3.50022
3.46562
3.47125
3.49976
3.46885
3.47849
3.47204
3.4388
3.44645
3.46021
3.42823
3.40922
3.41228
3.42317
3.38764
3.85065
3.82114
3.81391
3.81922
3.79332
3.76002
3.73371
3.69969
3.66757
3.63311
3.61391
3.6866
3.65309
3.66612
4.09983
4.07253
4.08607
4.05833
4.04268
4.02978
4.04207
4.01045
3.9759
3.94785
3.99068
3.99943
4.00916
3.98055
3.94587
3.93393
3.92412
3.91095
3.87567
3.84042
3.81483
3.82372
3.83407
3.79864
3.80683
3.81877
3.79383
3.75854
3.76352
3.72822
3.69743
3.70572
3.68592
4.25231
4.23463
4.20607
4.18456
4.19283
4.16809
4.17772
4.21841
4.18837
4.16204
4.16129
4.12946
4.10983
4.07897
4.05626
4.06093
4.03016
3.99645
3.97329
3.93869
3.96617
3.96398
3.93926
3.90915
3.87717
3.8677
3.99413
3.99341
3.97162
3.95209
3.95616
3.95796
3.94851
3.93421
3.91097
3.89827
3.87728
3.84931
3.8328
3.80069
3.79117
3.75894
3.73075
3.69628
3.68339
3.66172
3.65957
3.62517
3.65187
4.14153
4.10686
4.09227
4.50179
4.51472
4.48194
4.48806
4.45313
4.43975
4.47578
4.48906
4.45546
4.43329
4.50837
4.48985
4.52837
4.52757
4.49856
4.61439
4.61357
4.57934
4.56418
4.52959
4.51097
4.49137
4.47402
4.44214
4.4831
4.45645
5.22945
5.22377
5.2069
5.17181
5.38934
5.45392
5.44903
5.41396
5.37956
5.36211
5.32872
5.50789
5.5955
5.56704
5.53518
5.53367
5.53894
5.64455
5.7861
5.75234
5.75088
5.72762
5.70752
5.70309
5.82322
5.82452
5.83133
5.82926
5.82286
5.83406
5.81733
5.81117
5.81689
5.81434
5.78442
5.75705
5.7225
5.70402
5.6852
5.66321
5.64745
5.6344
5.60077
5.56696
5.57128
5.58145
5.54717
5.53879
5.50491
5.4837
5.47359
5.45791
5.45016
5.46775
5.43737
5.41302
5.40633
5.37959
5.34938
5.3279
5.29316
5.3057
5.27143
5.28141
5.24771
5.25279
5.25421
5.23506
5.20848
5.3014
5.27206
5.24227
5.22224
5.18915
5.156
5.16578
5.13267
5.13524
5.10931
5.07758
5.23352
5.20735
5.18
5.17357
5.17207
5.17918
5.15349
5.28121
5.25658
5.25489
5.24171
5.24475
5.24907
5.23626
5.23257
5.20324
5.21971
5.18589
5.15138
5.14577
5.15051
5.14407
5.15693
5.13107
5.10111
5.11269
5.08943
5.1036
5.07997
5.0456
5.04472
5.04353
5.05606
5.02796
4.99668
5.00879
5.00476
4.97056
4.99728
5.04206
5.05582
5.05781
5.04747
5.01365
5.01949
4.98538
4.95107
4.9549
4.93536
4.94607
4.92622
4.90661
4.87299
4.86774
4.84914
4.84176
4.84132
4.80845
4.77774
4.77101
4.74746
4.71333
4.73628
4.74752
4.71564
4.69183
4.65769
4.62581
4.69527
4.69361
4.65949
4.62663
4.63221
4.60083
4.56743
4.53344
4.53197
4.51031
4.51422
4.49116
4.46414
4.43243
4.44505
4.45354
4.42476
4.39476
4.48653
4.47055
4.49225
4.47338
4.44428
4.41034
4.43331
4.43497
4.42552
4.47192
4.44025
4.40678
4.37287
4.37405
4.37344
4.38026
4.38465
4.37126
4.33748
4.30614
4.27274
4.27038
4.23797
4.25056
4.21679
4.20698
4.196
4.2525
4.26042
4.23009
4.20893
4.17736
4.18752
4.17413
4.14096
4.11122
4.10404
4.13604
4.12399
4.15938
4.12657
4.09296
4.06131
4.06117
4.04502
4.03958
4.04973
4.04332
4.01085
3.97903
4.18422
4.23724
4.23546
4.20747
4.19571
4.2
4.17071
4.18318
4.18719
4.16748
4.14415
4.15673
4.16206
4.15526
4.12405
4.1329
4.10031
4.07191
4.04423
4.03603
4.00573
3.97483
3.94166
3.932
3.94371
3.92398
3.92839
3.92865
3.9844
3.99686
3.96508
3.9728
3.9396
3.90776
3.9126
3.89237
3.87028
3.83692
3.84041
3.83598
3.81522
3.82444
3.80373
3.78566
3.76956
3.76675
3.77173
3.74018
3.71111
3.88921
3.89914
4.01199
3.97892
3.94678
3.95304
4.16698
4.15199
4.15129
4.14881
4.14893
4.15043
4.15819
4.12519
4.1048
4.08895
4.06419
4.04652
4.0204
4.02121
4.03389
4.02155
3.99244
3.965
3.94491
3.91377
3.89122
3.88281
3.87411
3.84285
3.8307
3.83063
3.81533
3.8279
3.79499
3.79151
3.7671
3.73778
3.71021
3.67774
3.64815
3.69106
3.68085
3.65655
3.70475
3.68983
3.65956
3.63305
3.63244
3.60142
3.59346
3.57393
3.54696
3.51506
3.48213
3.469
3.48442
3.46577
3.44325
3.4441
3.42445
3.40009
3.37027
3.36831
3.48734
3.46377
3.45887
3.45735
3.46961
3.43686
3.43629
3.4357
3.40409
3.38493
3.37207
3.35082
3.33589
3.30941
3.29949
3.31217
3.28226
3.2942
3.26252
3.25607
3.25749
3.22997
3.1987
3.17105
3.15429
3.13944
3.26463
3.24815
3.24761
3.22795
3.20526
3.1988
3.17824
3.16153
3.13054
3.23477
3.245
3.21268
3.27833
3.4766
3.44441
3.41935
3.38913
3.39059
3.35814
3.33584
3.30632
3.27392
3.26593
3.23861
3.20845
3.21872
3.21362
3.21704
3.19847
3.2006
3.16809
3.14901
3.15883
3.15904
3.15682
3.13218
3.1448
3.15741
3.15734
3.137
3.10456
3.0802
3.05975
3.05922
3.02779
3.0057
2.9777
2.95293
2.92531
2.89469
2.88491
2.89622
2.90634
2.87963
2.85299
2.82525
2.83174
2.84063
2.81341
2.93266
2.93716
2.90487
2.87296
2.87837
2.86984
2.83875
2.82115
2.80021
2.98401
2.96586
2.96448
2.96161
2.95909
2.9586
3.08632
3.0684
3.03669
4.19975
4.17641
4.14996
4.14178
4.10956
4.07728
4.26878
4.27114
4.25741
4.26974
4.24022
4.22326
4.19724
4.19655
4.19633
4.17608
4.18077
4.15996
4.14613
4.21663
4.22637
4.20136
4.18398
4.15219
4.15175
4.26335
4.23527
4.2067
4.17643
4.14628
4.78838
4.95702
4.92506
4.89573
4.89502
4.86367
4.86507
4.8608
4.86612
4.83645
4.83187
4.80109
4.80265
4.78423
4.78112
4.74969
4.92878
4.91531
4.92634
4.93166
4.91267
4.88047
4.88232
4.86482
4.83299
4.80166
4.78517
4.75437
4.74492
4.74831
4.76388
4.77589
4.74516
4.75085
4.7274
4.70362
4.67183
4.67678
4.6447
4.62503
4.59302
4.57055
4.55511
4.55929
4.56613
4.5349
4.53314
4.57427
4.55047
4.5195
4.48976
4.50184
4.50529
4.47333
4.47619
4.47543
4.47142
4.47178
4.45221
4.42527
4.41966
4.39389
4.36189
4.33609
4.3083
4.30075
4.6087
4.61887
4.6955
4.67013
4.63817
4.61431
4.60322
4.5975
4.59653
4.58038
4.57831
4.56825
4.56728
4.55608
4.55384
4.56588
4.54502
4.5397
4.50819
4.50615
4.47478
4.48583
4.70876
4.76001
4.75143
4.7198
4.69057
4.65868
4.62781
4.62706
4.63818
4.64417
4.63393
4.63209
4.61895
4.58795
4.58766
4.55591
4.5628
4.86226
4.86135
4.83206
4.80129
4.76952
4.76328
4.73842
4.7215
4.69714
4.67345
4.64193
4.63867
4.60875
4.58024
4.59181
4.56107
4.53794
4.53602
4.50526
4.51427
4.4826
4.56101
4.53138
4.49978
4.60097
4.61944
4.59571
4.592
4.60197
4.61225
4.58768
4.59914
4.57435
4.54294
4.54808
4.52239
4.49366
4.50533
4.48906
4.46731
4.46087
4.46595
4.46963
4.43942
4.62483
4.60194
4.57993
4.56623
4.53546
4.54648
4.52291
4.53457
4.54268
4.54932
4.53358
4.50609
4.50873
4.51985
4.48846
4.48283
4.45168
4.42141
4.87323
4.8516
4.84669
4.8158
4.78733
4.78461
4.75368
4.74036
4.7332
4.7089
4.71847
4.72694
4.7193
4.73096
4.73389
4.7045
4.67336
4.67145
4.69033
4.6627
4.63756
4.66046
4.64169
4.63742
4.64584
4.63199
4.633
4.64435
4.73441
4.71959
4.71276
4.71472
4.68803
4.6661
4.73394
4.71452
4.68524
4.6587
4.6671
4.67889
5.41024
5.40227
5.38057
5.36253
5.36993
5.37839
5.3589
5.3284
5.30529
5.29406
5.38728
5.37481
5.34769
5.35444
5.32553
5.33628
5.3472
5.31798
5.29226
5.31844
5.3198
5.31053
5.30973
5.29768
5.267
5.25589
5.2653
5.27218
5.25209
5.26241
5.23471
5.23286
5.21577
5.22643
5.21773
5.20319
5.17996
5.14982
5.1268
5.10927
5.12158
5.09095
5.07421
5.07023
5.06241
5.07057
5.07761
5.04781
5.03185
5.04572
5.03135
5.01276
5.01797
4.98886
5.0502
5.0242
4.99312
4.96735
4.97894
4.96731
4.93724
4.94778
4.92176
4.93337
4.90558
4.99779
4.97388
5.06164
5.03653
5.04464
5.04779
5.03614
5.03974
5.04578
5.01515
5.00894
4.98659
4.95662
4.92584
4.89566
4.8672
4.84376
4.81649
4.8021
4.78355
4.78256
4.7619
4.7316
4.70091
4.68606
4.69731
4.70187
4.68897
4.71026
4.67973
4.65644
4.63224
4.61455
4.61242
4.60396
4.60312
4.57263
4.54734
4.53028
4.53876
4.52408
4.49959
4.4726
4.45098
4.43131
4.44289
4.44724
4.43191
4.43465
4.42732
4.4378
4.44948
4.45606
4.44628
4.45607
4.45708
4.46857
4.45407
4.42693
4.4027
4.49109
4.49086
4.46052
4.44752
4.45112
4.46157
4.45837
4.44405
4.65588
4.63244
4.60484
4.57467
4.54794
4.56767
4.55089
4.53277
4.50548
4.51007
4.51389
4.50795
4.48765
4.4829
4.46558
4.43513
4.70799
4.68567
4.66477
4.66697
4.67285
4.66008
4.63096
4.62366
4.68967
4.67595
4.67177
4.64393
4.9193
4.90724
4.87733
4.84716
4.84053
4.81793
4.80012
4.77224
4.7582
4.73245
4.71895
4.70755
4.67739
4.66867
4.64027
4.61108
4.59318
4.59463
4.57043
4.55163
4.60527
4.59983
4.59594
4.60387
4.61462
4.59924
4.56896
4.53955
4.51766
4.51537
4.51467
4.4944
4.47613
4.45663
4.43012
4.40697
4.39997
4.37748
4.35562
4.34593
4.31868
4.29005
4.30104
4.29919
4.29477
4.29076
4.2979
4.32341
4.29342
4.30243
4.28192
4.25599
4.24674
4.22923
4.20252
4.20243
4.17955
4.1815
4.18863
4.21749
4.39487
4.38183
4.5529
4.55322
4.53607
4.53048
4.50332
4.55825
4.5519
4.52983
4.50378
4.51034
4.52175
4.52176
4.5094
4.51018
4.50949
4.48022
4.46126
4.43117
4.48593
4.47779
4.48803
4.4587
4.45593
4.45851
4.45354
4.61364
4.58576
4.64579
4.637
4.61082
4.59988
4.60515
4.5997
4.59537
4.56592
4.54075
4.51628
4.52472
4.53105
4.53605
4.57209
4.57743
4.56141
4.59615
4.5732
4.55686
4.56068
4.7934
4.77794
4.77193
4.75685
4.77418
4.78548
4.75589
4.75683
4.76804
4.75851
4.76157
4.75134
4.73648
4.74211
4.73493
4.70568
4.69895
4.67095
4.64138
4.61881
4.59437
4.59413
4.5657
4.56664
4.57707
4.58086
4.5794
4.55744
4.5351
4.52993
4.50547
4.47563
4.44699
4.43877
4.41962
4.42728
4.39973
4.37012
4.34107
4.3236
4.30569
4.3055
4.27769
4.2653
4.2712
4.24211
4.22152
4.22088
4.19533
4.17538
4.15217
4.13034
4.11654
4.08733
4.06272
4.04671
4.10047
4.09399
4.25462
4.23068
4.20196
4.18131
4.15272
4.12859
4.10747
4.10685
4.3814
4.52177
4.50178
4.48154
4.4852
4.45555
4.5307
4.50452
4.86817
4.8523
4.83207
4.81809
4.79081
4.79722
4.77056
4.77383
4.78375
4.75467
4.76112
4.78574
4.76035
4.74417
4.74442
4.71564
4.72472
4.70174
4.68512
4.67888
4.6545
4.63928
4.63834
4.63411
4.64251
4.61334
4.67472
4.65574
4.62655
4.6118
4.58237
4.59329
4.58992
4.57977
4.55104
4.59143
4.61709
4.6164
4.60559
4.57768
4.58618
4.55673
4.62002
4.60158
4.70187
4.68464
4.67127
4.67186
4.64344
4.63945
4.64734
4.64023
4.62932
4.63335
4.60665
4.5983
4.56982
4.54952
4.53336
4.52064
4.50108
4.50041
4.4747
4.49429
4.48452
4.47442
4.47134
4.47891
4.45638
4.42934
4.42842
4.43039
4.40106
4.4099
4.39137
4.36661
4.33731
4.35059
4.32912
4.32848
4.31823
4.31156
4.28474
4.31529
4.29337
4.26438
4.27465
4.25822
4.25351
4.23422
4.21229
4.20612
4.18099
4.23537
4.21044
4.22155
4.2208
4.28045
4.28518
4.37773
4.34865
4.3471
4.32969
4.30816
4.304
4.3084
4.35163
4.36073
4.34935
4.34054
4.33493
4.31245
4.30463
4.29088
4.27582
4.27429
4.26874
4.24476
4.25477
4.26275
4.23572
4.23509
4.21963
4.19136
4.17763
4.15902
4.14537
4.11801
4.09687
4.10475
4.37337
4.35714
4.36038
4.36602
4.3422
4.35449
4.3621
4.33318
4.34405
4.34741
4.34677
4.33921
4.32298
4.29958
4.28404
4.26231
4.23394
4.22
4.20407
4.17696
4.14808
4.13895
4.1493
4.1588
4.12996
4.1326
4.10558
4.10498
4.10317
4.07444
4.05274
4.03681
4.02134
4.02075
3.99294
3.99191
4.02418
4.01843
3.99208
3.96581
3.94939
3.93216
3.90668
4.1374
4.10959
4.12008
4.12931
4.10105
4.0728
4.04631
4.02063
4.07958
4.05613
4.02876
4.00075
3.97206
3.98019
3.95202
3.94279
3.91759
3.91023
3.88288
3.87343
3.86449
3.86583
3.84141
3.82242
3.80289
3.78494
3.78657
3.77342
3.78316
3.93586
3.92756
3.93568
3.94566
3.95256
3.92704
3.90652
3.88015
3.91158
3.93358
3.90515
3.91426
3.90539
3.91244
3.88498
3.85739
3.84192
3.81624
3.82519
3.81135
3.82131
3.80769
3.7926
3.77015
3.74713
3.75521
3.74007
3.75057
3.74583
3.75612
3.73426
3.73109
3.71739
3.70017
3.67447
3.66627
3.63787
3.61826
3.60739
3.58474
3.72521
3.70867
3.69909
3.67063
3.64485
3.61655
3.61549
3.6134
3.6082
3.59628
3.60235
3.58381
3.55737
3.53709
3.50992
3.49853
3.50863
3.63672
3.64707
3.6372
3.64584
3.61938
3.62935
3.6234
3.63346
3.60995
3.58324
3.7069
3.71094
3.69954
3.70487
3.70341
3.68307
3.65902
3.6523
3.62656
3.60093
3.7513
3.7311
3.71772
3.91214
3.8903
3.90574
3.89783
3.94949
3.94021
3.93821
3.91839
4.31838
4.29672
4.29807
4.29131
4.2648
4.23725
4.22629
4.23283
4.23222
4.20592
4.17975
4.15586
4.15676
4.15579
4.15913
4.1487
4.12132
4.12336
4.11408
4.08582
4.27752
4.25493
4.23074
4.21215
4.18978
4.16822
4.17769
4.18068
4.19115
4.16679
4.18807
4.16017
4.13531
4.10711
4.09173
4.10042
4.29926
4.29288
4.26596
4.23926
4.23696
4.27467
4.24651
4.40224
4.41166
4.38522
4.42707
4.39885
4.39663
4.37546
4.36924
4.34266
4.34222
4.31424
4.3243
4.33185
4.30483
4.28968
4.2919
4.26667
4.25196
4.22386
4.24116
4.23103
4.24089
4.21693
4.18992
4.16496
4.15505
4.13335
4.10713
4.08363
4.08668
4.09104
4.06299
4.05914
4.0808
4.05522
4.04222
4.0212
3.99457
3.99017
3.96241
4.07365
4.05225
4.02484
3.99737
3.99939
3.99973
4.00745
3.99647
4.07966
4.05485
4.02856
4.01
4.02845
4.00416
4.04275
4.02661
4.01469
4.02611
4.00657
3.99872
3.97109
4.20452
4.18184
4.18682
4.18504
4.16007
4.13284
4.15322
4.12552
4.13044
4.13698
4.11984
4.10515
4.1
4.08555
4.08896
4.06274
4.08961
4.07528
4.04756
4.02644
4.00778
3.98447
3.97947
3.98997
3.96242
3.93461
3.91771
3.89053
3.88627
3.85894
3.8618
3.86649
3.8721
3.8525
3.85195
3.8349
3.81028
3.79473
3.78369
3.7642
3.74388
3.73119
3.7114
3.68444
3.69272
3.6882
3.66241
3.63716
3.63319
3.63968
3.61475
3.58715
3.59352
3.57123
3.57358
3.55681
3.53029
3.54094
3.55101
3.52412
3.49803
3.48499
3.46815
3.44597
3.43505
3.40793
3.38059
3.38035
3.35291
3.35606
3.33276
3.36052
3.36763
3.35373
3.33183
3.3145
3.28934
3.26308
3.2447
3.22074
3.19363
3.18707
3.15969
3.15415
3.14156
3.14515
3.1182
3.11804
3.09156
3.07315
3.12041
3.21904
3.19878
3.1745
3.18531
3.17047
3.15024
3.2303
3.24055
3.21501
3.22068
3.19325
3.16583
3.1395
3.14101
3.1147
3.11181
3.10806
3.1056
3.07858
3.05184
3.02705
3.03439
3.04211
3.03837
3.03711
3.00981
3.01602
3.02028
3.0114
2.99016
2.96467
2.94163
2.93442
2.9502
2.943
3.08502
3.0642
3.04412
3.01914
2.99883
2.99548
2.99351
2.96921
3.03726
3.03866
3.02201
3.01247
2.99286
2.97461
2.96392
2.93711
2.92789
2.90504
2.88514
2.86058
2.8579
2.86455
2.90746
2.89145
2.8658
2.87564
3.50513
3.48633
3.49062
3.46604
3.43891
3.41501
3.39091
3.39044
3.38923
3.37665
3.36644
3.34413
3.34366
3.31817
3.35388
3.35272
3.33115
3.30397
3.30644
3.28593
3.28547
3.28721
3.26005
3.23292
3.20653
3.20579
3.17971
3.18744
3.21385
3.20437
3.18147
3.18531
3.19365
3.21539
3.19174
3.19403
3.1671
3.20824
3.18129
3.17502
3.18013
3.15365
3.12743
3.12101
3.12883
3.13686
3.12062
3.11941
3.20461
3.18652
3.15951
3.14414
3.11758
3.11319
3.12361
3.09679
3.10705
3.11678
3.09033
3.06695
3.0709
3.0467
3.03292
3.00866
2.99796
2.97261
2.94761
2.93936
3.02764
3.03805
3.3209
3.30293
3.31274
3.31793
3.29153
3.27928
3.25278
3.22594
3.21743
3.22333
3.19649
3.18696
3.17087
3.14767
3.12926
3.13148
3.11623
3.08998
3.13253
3.10757
3.11506
3.12073
3.1292
3.13954
3.2317
3.20514
3.17918
3.18019
3.15358
3.1296
3.11403
3.09425
3.06744
3.0417
3.03213
3.00586
2.98473
2.96982
2.96747
2.97472
2.95935
2.95592
2.95282
2.93761
2.91087
2.88422
2.87121
2.90088
2.87633
3.00215
2.98963
3.00355
2.97683
2.96303
2.93656
2.91764
2.92361
2.9337
2.93557
2.91949
2.90987
2.89052
2.87159
2.85708
2.94117
2.93418
2.91334
2.90854
2.90628
2.8817
2.87958
2.86063
2.83646
2.81216
2.78552
2.78004
2.75385
2.72832
2.7124
2.71656
2.68995
2.67054
2.64849
2.62843
2.60782
2.60304
3.12961
3.12869
3.10206
3.07543
3.06445
3.04308
3.02033
3.00165
3.00554
3.00493
2.97865
2.95757
2.95902
2.93578
2.92215
2.8956
2.86942
2.84353
2.81717
2.8026
2.78302
2.76771
2.80248
2.8108
2.7867
2.76455
2.90444
2.88134
2.86351
2.85626
2.86628
2.8524
2.83854
2.81756
2.82365
2.81658
2.92393
2.89889
2.87804
2.86893
2.84788
2.84256
2.85255
2.84686
2.83397
2.80809
2.78487
2.7791
2.75271
2.7336
2.7164
2.69909
2.69029
2.66957
2.65346
2.6584
2.65555
2.65017
2.63786
2.61215
2.58598
2.56097
2.53464
2.52137
2.50886
2.49388
2.47774
2.48808
2.48335
2.62083
2.59463
2.57508
2.55061
2.53786
2.57228
2.58429
2.56214
2.54497
2.52157
2.57632
2.58208
2.58152
2.58371
2.56319
2.70391
2.71077
2.69022
2.67339
2.64788
2.63501
2.61111
2.60299
2.90384
2.91253
2.90743
3.03757
3.02996
3.01012
3.00834
2.9847
2.98284
2.98809
3.01948
3.00541
2.98162
3.19152
3.18254
3.15861
3.20192
3.17629
3.15621
3.13483
3.1091
3.12313
3.09692
3.0774
3.13559
3.13413
3.21359
3.20507
3.21223
3.20412
3.18892
3.23637
3.21487
3.18887
3.19332
3.16713
3.15027
3.14985
3.12791
3.15954
3.36912
3.43543
3.46633
3.44683
3.45494
3.43224
3.41787
3.39581
3.37052
3.36657
3.3426
3.34871
3.32915
3.30348
3.32634
3.3126
3.3012
3.27725
3.25276
3.22916
3.20668
3.19478
3.17977
3.18261
3.18475
3.18498
3.19381
3.18919
3.16826
3.17314
3.15088
3.14128
3.14582
3.1673
3.14126
3.11845
3.10144
3.09467
3.10104
3.09176
3.06576
3.04713
3.0328
3.0362
3.02102
2.99782
3.15022
3.13841
3.11621
3.12626
3.12152
3.11583
3.10821
3.11222
3.09249
3.09086
3.09496
3.09099
3.10504
3.11109
3.1185
3.12823
3.11702
3.10853
3.08296
3.07794
3.07913
3.0581
3.03777
3.03096
3.01874
2.9936
2.99134
2.97782
2.96248
2.94608
2.92035
2.93035
2.90451
2.88528
2.89372
2.88145
2.881
2.86198
2.83708
2.82614
2.80147
2.82768
2.8215
2.81821
2.82541
2.83341
2.82553
2.82219
2.80641
2.79354
2.77005
2.75033
2.72773
2.71041
2.69248
2.76929
2.75178
2.73079
2.73307
2.72329
2.72935
2.7256
2.7168
2.69125
2.66732
2.64214
2.62314
2.60434
2.61123
2.59377
2.57982
2.55545
2.55511
2.53062
2.51714
2.56947
2.54495
2.52714
2.5097
2.49473
2.4691
2.45464
2.45432
2.42868
2.40897
2.40488
2.40469
2.38775
2.38461
2.36696
2.35457
2.36465
2.37299
2.54502
2.55282
2.55146
2.52752
2.51092
2.49472
2.50125
2.50974
2.51395
2.49083
2.47956
2.45938
2.46064
2.45669
2.66268
2.64411
2.62402
2.70019
2.72644
2.7277
2.78095
2.769
2.77517
2.77174
2.74727
2.73305
2.90338
2.90118
2.88442
2.87045
2.87232
2.85343
2.85675
2.85573
2.84802
2.84741
2.84283
2.84246
2.84425
2.81872
2.80052
2.80276
2.78517
3.00781
3.00768
3.008
2.98985
2.99761
3.43422
3.40867
3.3847
3.47535
3.47971
3.46196
3.44326
3.41819
3.39352
3.41537
3.40118
3.37576
3.35453
3.33019
3.31817
3.29718
3.29213
3.32049
3.30501
3.31235
3.31401
3.32387
3.29845
3.28992
3.27503
3.25014
3.22489
3.20487
3.19079
3.1824
3.17758
3.15591
3.15783
3.13381
3.10967
3.11463
3.11789
3.11506
3.13319
3.11688
3.115
3.08991
3.07197
3.06424
3.16864
3.14475
3.12229
3.11006
3.09161
3.07738
3.07165
3.05908
3.06802
3.05461
3.03028
3.03554
3.06627
3.06347
3.06231
3.11192
3.0873
3.12399
3.1326
3.10782
3.10799
3.09206
3.07877
3.08488
3.06142
3.0555
3.04542
3.02097
3.01819
2.99756
2.99306
2.9687
3.10929
3.09315
3.06807
3.04511
3.03875
3.0484
3.0371
3.06223
3.23682
3.24649
3.25046
3.2489
3.25319
3.25123
3.23232
3.22871
3.25878
3.25527
3.26242
3.27208
3.25079
3.22556
3.21229
3.21159
3.18682
3.16775
3.16522
3.15758
3.27648
3.2513
3.25969
3.30913
3.28833
3.27804
3.26615
3.26068
3.25272
3.22798
3.21143
3.19298
3.17217
3.20054
3.176
3.17216
3.14841
3.13737
3.11257
3.08945
3.06446
3.06682
3.0459
3.05438
3.0315
3.01561
2.99706
3.02155
2.99888
3.00333
3.17168
3.16962
3.24344
3.22855
3.23134
3.21023
3.18596
3.1745
3.15099
3.13077
3.10613
3.08298
3.05892
3.14673
3.12235
3.10448
3.08581
3.08597
3.09081
3.07958
3.0815
3.06669
3.04359
3.05032
3.05414
3.12744
3.13213
3.12736
3.11194
3.09191
3.06788
3.05051
3.06469
3.09065
3.10851
3.08882
3.09706
3.09249
3.08038
3.10989
3.09375
3.09644
3.10486
3.10831
3.09073
3.07018
3.04969
3.12452
3.10038
3.077
3.05441
3.02955
3.03476
3.02116
2.99781
2.976
2.95261
2.929
2.93571
2.91653
2.8918
2.8928
2.88772
2.89732
2.89018
2.88649
2.88261
2.88951
2.8685
2.89455
2.89539
2.87097
2.85446
2.85394
2.85011
2.83497
2.85648
2.83334
2.843
2.8271
2.83095
2.81878
2.79628
2.77261
2.78538
2.76168
2.76763
2.74476
2.73123
2.7179
2.70164
2.68353
2.65914
2.65655
2.6635
2.65067
2.63205
2.60954
2.60993
2.67378
2.714
2.68975
2.66518
2.65579
2.65842
2.64358
2.63368
2.60915
2.60236
2.60459
2.59007
2.56544
2.54203
2.53974
2.51854
2.49719
2.47628
2.46469
2.44347
2.43772
2.41419
2.41084
2.38823
2.39516
2.40322
2.3865
2.37253
2.36028
2.4013
2.37889
2.39251
2.37274
2.36213
2.36984
2.37941
2.37807
2.37777
2.37795
2.36684
2.34924
2.32912
2.30473
2.2802
2.26172
2.24119
2.21729
2.20009
2.17927
2.17229
2.17555
2.15171
2.40048
2.4101
2.38572
2.3931
2.38936
2.36766
2.36933
2.36441
2.34118
2.31808
2.31135
2.30936
2.29942
2.30895
2.28484
2.26582
2.26823
2.82107
2.82277
2.80198
2.77796
2.79405
2.7697
2.77032
2.79788
2.77429
2.75508
2.73279
2.73593
2.72064
2.70583
2.68745
2.67646
2.68549
2.66243
2.6433
2.65131
2.62879
2.65913
2.6657
2.66046
2.63981
2.63049
2.62149
2.60471
2.60546
2.58742
2.56527
2.54811
2.52639
2.53594
2.51667
2.50656
2.58641
2.56751
2.54755
2.524
2.50239
2.47865
2.48224
2.46255
2.4384
2.41635
2.50277
2.48271
2.46364
2.46696
2.45764
2.43528
2.41096
2.49862
2.4815
2.48875
2.46506
2.49641
2.47705
2.45297
2.44005
2.41646
2.41697
2.40956
2.42535
2.40695
2.41316
2.39239
2.36864
2.37395
2.35815
2.35397
2.42806
2.42387
2.39998
2.39925
2.38663
2.51595
2.51624
2.49293
2.50191
2.49964
2.48543
2.47857
2.4826
2.4794
2.4863
2.50628
2.48309
2.46741
2.47435
2.45553
2.43721
2.43957
2.50931
2.48515
2.46254
2.65019
2.65191
2.66128
2.64155
2.61877
2.61859
2.6225
2.62524
2.6015
2.6074
2.59431
2.57517
2.55118
2.53337
2.50944
2.51421
2.49829
2.47635
2.46971
2.47147
2.46908
2.47567
2.46736
2.49126
2.5008
2.49894
2.53485
2.51138
2.51979
2.49733
2.47535
2.45158
2.53559
2.53637
2.5546
2.56045
2.54031
2.51865
2.5256
2.57719
2.56696
2.54288
2.55149
2.56196
2.54535
2.54503
2.52835
2.52268
2.50804
2.49661
2.47992
2.5646
2.55705
2.62561
2.62896
2.62229
2.62196
2.61219
2.59001
2.58969
2.6953
2.67205
2.6584
2.6549
2.6643
2.65085
2.64805
2.63982
2.61822
2.59513
2.5937
2.56992
2.55454
2.54514
2.54713
2.5317
2.50774
2.4967
2.47285
2.44894
2.44345
2.43802
2.61263
2.5908
2.87067
2.86666
2.87445
2.94129
2.94093
2.91998
2.91923
2.91513
2.89521
2.87925
2.88061
2.86887
2.89749
2.8743
2.86397
2.8776
2.95298
2.92907
2.90919
2.8971
2.88777
2.90297
2.87927
2.85686
2.83424
2.82075
2.83239
2.81327
2.79723
2.87189
2.86093
2.83707
2.81328
2.78943
2.76727
2.77437
2.77157
2.74941
2.74235
2.75038
2.74797
2.75691
2.75498
2.738
2.72708
2.71817
2.70052
2.68493
2.66112
2.64998
2.6599
2.63643
2.63567
2.63759
2.64328
2.63007
2.63182
2.63969
2.64167
2.64397
2.63874
2.8099
2.7945
2.7794
2.78653
2.76654
2.74623
2.75549
2.7389
2.71968
2.69915
2.69276
2.68909
2.69291
2.74662
2.72319
2.71594
2.7078
2.68698
2.66608
2.67155
2.6499
2.62642
2.62828
2.61174
2.58898
2.57191
2.55615
2.53324
2.5364
2.56582
2.54288
2.54392
2.82156
2.80848
2.80509
2.78252
2.78397
2.79286
2.87778
2.87529
2.85629
2.84337
2.82308
2.79974
2.77608
2.75485
2.73343
2.71131
2.70505
2.71013
2.70897
2.68779
2.67394
2.68043
2.68671
2.67054
2.69672
2.70507
2.70634
2.68403
2.68168
2.66814
2.66782
2.67327
2.65132
2.65042
2.6535
2.62995
2.60759
2.59517
2.58532
2.57962
2.56913
2.55385
2.55791
2.65143
2.62837
2.62378
2.63296
2.64106
2.61772
2.60017
2.57666
2.57635
2.56065
2.54026
2.52774
2.50434
2.48649
2.47235
2.45031
2.44497
2.43816
2.4407
2.41752
2.40103
2.39131
2.39225
2.37763
2.38676
2.38792
2.56093
2.54005
2.51772
2.52678
2.52502
2.51791
2.49778
2.4928
2.48848
2.46936
2.45003
2.43372
2.43722
2.42885
2.43407
2.41304
2.39267
2.3888
2.37286
2.36623
2.34305
2.33412
2.31764
2.29425
2.294
2.30245
2.30881
2.31409
2.32171
2.30808
2.2964
2.27518
2.26372
2.24241
2.22216
2.20108
2.17822
2.15501
2.13182
2.112
2.08889
2.08488
2.09388
2.07791
2.06277
2.06935
2.04605
2.26155
2.26899
2.24697
2.24239
2.23106
2.23403
2.22232
2.20322
2.31443
2.3196
2.30146
2.31056
2.29379
2.31808
2.29728
2.28002
2.32881
2.32853
2.3067
2.28581
2.30796
2.30124
2.28656
2.33839
2.31542
2.29323
2.27326
2.29625
2.29956
2.2952
2.30259
2.29556
2.27554
2.27061
2.25327
2.23006
2.20692
2.19851
2.17645
2.1563
2.1341
2.11105
2.09758
2.07732
2.05708
2.06432
2.05076
2.0309
2.02197
2.01262
2.0059
1.99743
1.97444
1.96855
1.94883
1.95392
1.9563
1.94048
1.94924
1.95307
1.9301
1.90704
1.91621
1.9204
1.92952
1.90706
1.88695
1.88481
1.88427
1.87074
1.87167
1.87849
1.87121
1.87897
1.85916
1.86287
1.83981
1.83311
1.82863
1.837
1.81655
1.79469
1.78611
1.79079
1.78775
1.77566
1.76049
1.73748
1.80385
1.79362
1.77187
1.77759
1.785
1.77488
1.77979
1.75742
1.74138
1.7451
1.73488
1.77649
1.77027
1.74741
1.72578
1.70609
1.68378
1.6861
1.68118
1.67844
1.65575
1.63918
1.67758
1.65705
1.66139
1.64942
1.65629
1.63478
1.62894
1.69714
1.7055
1.68444
1.66654
1.65732
1.63465
1.64214
1.6252
1.61802
1.59605
1.57467
1.68037
1.95859
1.94123
1.92291
1.92244
1.9513
1.93692
1.91893
1.89781
1.90571
1.88284
1.8624
1.84148
1.82194
1.85177
1.85601
1.84092
1.83441
1.81323
1.79574
1.80273
1.80819
1.81268
1.7986
1.78018
1.78435
1.7631
1.74872
1.7274
1.71263
1.69535
1.7066
1.9593
1.93814
1.91687
1.93546
1.9153
1.89249
1.87483
1.91533
1.89582
1.88578
1.88072
1.88423
2.26448
2.27043
2.25455
2.25881
2.24346
2.29408
2.27723
2.25778
2.24963
2.25775
2.2494
2.23549
2.23652
2.21399
2.21514
2.22047
2.20899
2.40371
2.38503
2.39297
2.45939
2.68929
2.70752
2.68527
2.66249
2.63978
2.61787
2.62048
2.5992
2.59248
2.5736
2.55404
2.55992
2.53756
2.51572
2.54141
2.73416
2.72244
2.70689
2.76018
2.74543
2.72517
2.70681
2.70095
2.70435
2.70972
2.69205
2.67087
2.67228
2.65636
2.64236
2.61988
2.60756
2.59116
2.58826
2.56629
2.61947
2.60018
2.58066
2.55877
2.54018
2.55987
2.56073
2.56722
2.54885
2.55633
2.53591
2.61522
2.60324
2.72486
2.71618
2.71131
2.68865
2.68171
2.66078
2.89571
2.8739
2.85177
2.89544
2.90359
2.90778
2.91362
2.91379
2.90553
2.89322
2.87053
2.84819
2.82553
2.81678
2.80782
2.81269
2.79649
2.77616
2.75468
2.75238
2.73067
2.76961
2.77797
2.76948
2.75436
2.75503
2.76296
2.74572
2.74079
2.7209
2.70193
2.67977
2.65831
2.665
2.68748
2.67877
3.04561
3.05433
3.08782
3.0927
3.10627
3.09218
3.09182
3.07104
3.66258
3.7663
3.75985
3.73739
3.73696
3.73766
3.7328
3.74151
3.74936
3.75433
3.738
3.74158
3.73657
3.72869
3.77988
3.76071
3.75781
3.75158
3.72926
3.74006
3.72755
3.7057
3.68336
3.67867
3.67077
3.64822
3.65687
3.63896
3.64053
3.67392
3.66897
3.65485
3.63495
3.62994
3.61595
3.60065
3.60171
3.63165
3.62943
3.61097
3.58926
3.57148
3.58976
3.5863
3.56858
3.54618
3.53789
3.5453
3.54651
3.52395
3.50415
3.48529
3.48763
3.49574
3.47498
3.48167
3.46012
3.44141
3.421
3.4297
3.43599
3.42035
3.41683
3.40041
3.40864
3.40277
3.38577
3.36357
3.34305
3.32814
3.3068
3.44432
3.42184
3.4126
3.41689
3.41762
3.40358
3.41063
3.40861
3.41258
3.40679
3.39837
3.37595
3.39383
3.40248
3.41111
3.38998
3.40841
3.40906
3.39005
3.38402
3.36243
3.34604
3.36777
3.34589
3.43605
3.42032
3.41247
3.41425
3.39293
3.60304
3.60142
3.57944
3.55783
3.53544
3.51318
3.5208
3.5203
3.49813
3.47842
3.48352
3.71424
3.70112
3.68323
3.69152
3.7563
3.829
3.81128
3.81346
3.79454
3.77216
3.75128
3.73064
3.82377
3.80548
3.81049
3.79771
3.79214
3.79407
3.78027
3.77582
3.77539
3.75479
3.74595
3.73258
3.74011
3.74347
3.73334
3.71109
3.69145
3.68597
3.68588
3.69332
3.67107
3.66935
3.66365
3.65008
3.63918
3.61903
3.60215
3.58827
3.59523
3.57783
3.58247
3.5661
3.55645
3.56351
3.5445
3.52244
3.50107
3.49941
3.4805
3.46089
3.4605
3.44766
3.44823
3.43332
3.41617
3.39434
3.39806
3.39662
3.40502
3.3828
3.36905
3.40379
3.39875
3.38686
3.36477
3.34739
3.32594
3.30476
3.28918
3.26912
3.25364
3.2609
3.26153
3.23936
3.23922
3.2367
3.23841
3.24248
3.251
3.24271
3.22289
3.25499
3.23368
3.21772
3.19693
3.19657
3.17936
3.1867
3.18634
3.17329
3.15803
3.15142
3.13567
3.13263
3.13978
3.13884
3.11924
3.12701
3.13019
3.1312
3.12247
3.12575
3.10475
3.12675
3.11031
3.11875
3.104
3.09962
3.07833
3.06433
3.04565
3.06824
3.07375
3.06646
3.05968
3.04296
3.03805
3.07169
3.05284
3.03183
3.03718
3.03065
3.03554
3.04158
3.10981
3.23098
3.23794
3.22269
3.22378
3.20213
3.18134
3.16387
3.14361
3.15215
3.15062
3.15282
3.158
3.13778
3.11993
3.12469
3.10277
3.09877
3.10032
3.08909
3.07632
3.06215
3.04676
3.04052
3.0466
3.02709
3.02721
3.01597
3.01462
2.9948
2.98596
2.97908
2.9769
2.96476
3.15752
3.13569
3.11479
3.09434
3.0739
3.0538
3.03196
3.0204
3.00364
2.98523
2.9762
2.95448
2.93583
2.91681
2.97101
2.96739
2.94686
2.95648
2.94625
2.95283
2.93462
2.91503
2.89956
2.87886
2.86023
2.85075
2.83292
2.8296
2.82209
2.82202
2.81081
2.82341
2.80226
2.79033
2.78831
2.77411
2.77831
2.76237
2.76459
2.76141
2.74048
2.74443
2.74904
2.74157
2.72042
2.69864
2.68456
2.67749
2.67756
2.67788
2.67268
2.65189
2.63221
2.62628
2.61449
2.6979
2.70299
2.68851
2.68553
2.68764
2.6727
2.66491
2.64416
2.64979
2.6281
2.63661
2.62174
2.63999
2.62932
2.61848
2.6164
2.6199
2.59818
2.60517
2.58591
2.56658
2.54568
2.52703
2.51344
2.4939
2.49894
2.50099
2.49443
2.47276
2.45387
2.6115
2.60961
2.58828
2.56861
2.57678
2.56293
2.55339
2.54664
2.5251
2.50894
2.48772
2.47941
2.45827
2.44822
2.42659
2.4078
2.40803
2.41615
2.39468
2.37811
2.35693
2.33535
2.31499
2.32349
2.34388
2.33617
2.31729
2.32094
2.30663
2.28573
2.27135
2.4425
2.44931
2.44825
2.42708
2.4114
2.40836
2.41222
2.4052
2.38902
2.37512
2.35973
2.34278
2.33853
2.32182
2.30933
2.43648
2.43504
2.42316
2.40192
2.38039
2.50991
2.56104
2.56754
2.56725
2.56787
2.55992
2.55314
2.53243
2.51386
2.51679
2.50478
2.4874
2.46695
2.44759
2.44732
2.44557
2.42695
2.4257
2.42781
2.43284
2.43992
2.43477
2.42986
2.4762
2.4579
2.44638
2.42523
2.40404
2.39448
2.37632
2.4145
2.39328
2.37935
2.3765
2.36812
2.3474
2.32623
2.68618
2.67547
2.66005
2.65172
2.64974
2.64337
2.62363
2.61133
2.61707
2.61314
2.59224
2.5876
2.56666
2.56152
2.54018
2.53017
2.564
2.5479
2.55679
2.54238
2.53166
2.53367
2.54166
2.52964
2.52936
2.52547
2.50408
2.50151
2.49706
2.47617
2.45538
2.43537
2.43549
2.41647
2.42264
2.41407
2.39506
2.40328
2.4076
2.40409
2.40195
2.45835
2.46197
2.51648
2.51055
2.49261
2.4748
2.46007
2.44265
2.4435
2.43926
2.41901
2.48633
2.46525
2.45216
2.43132
2.41205
2.41352
2.40166
2.3899
2.39822
2.40533
2.40506
2.38422
2.38371
2.36305
2.3672
2.34736
2.35087
2.34065
2.34893
2.35503
2.35006
2.35827
2.33736
2.33366
2.32423
2.30705
2.30332
2.29027
2.27063
2.2645
2.26886
2.25932
2.26467
2.2711
2.25293
2.23417
2.21472
2.21317
2.19363
2.18179
2.16342
2.16147
2.1557
2.14596
2.13504
2.11815
2.10087
2.10062
2.1046
2.15007
2.14683
2.13697
2.13757
2.11653
2.1045
2.08372
2.1235
2.11321
2.09209
2.09187
2.08749
2.07505
2.09489
2.10315
2.08325
2.06267
2.04702
2.04871
2.02882
2.02316
2.03002
2.02323
2.01114
1.99017
1.97694
1.96406
1.94355
1.92264
1.97229
1.98066
1.96183
1.94325
1.92965
1.92032
1.99979
1.97874
1.98705
1.96777
1.97295
1.98033
1.96046
1.94554
1.92732
1.90829
1.91413
1.89661
1.89641
1.87687
1.85589
1.97641
2.0366
2.04371
2.02947
2.01867
1.99964
1.98477
1.96381
1.96629
1.96595
1.94504
1.93515
1.91413
1.90178
1.88097
1.87262
1.94736
1.9291
1.91127
1.9002
1.8792
1.86899
1.86218
2.14979
2.1343
2.12249
2.10348
2.08646
2.09194
2.196
2.19478
2.17743
2.17137
2.17417
2.16204
2.14439
2.12409
2.12542
2.10619
2.09113
2.11928
2.09852
2.08154
2.07127
2.05728
2.06199
2.05472
2.0351
2.01966
2.01171
2.01603
2.00023
1.99361
1.98966
2.00369
1.98562
1.97861
1.96175
1.95182
1.93159
1.91113
1.90324
1.92308
1.92287
2.02926
2.00863
2.03994
2.03816
2.02304
2.00301
1.98532
1.96974
1.97682
1.95659
1.93586
1.92418
1.92054
1.92127
1.91536
1.91942
1.90461
1.92548
1.9063
1.88562
1.89308
1.88275
1.87499
1.99657
2.00462
2.00053
1.98119
1.98006
1.96403
1.97161
1.99887
1.97818
1.95736
1.95465
1.93543
1.93952
1.91995
1.92491
1.92
1.91859
1.89878
1.87932
1.8591
1.86697
1.84708
1.86527
1.85002
1.83857
1.83272
1.82839
1.80823
1.78884
1.7693
1.75181
1.75854
1.73984
1.72627
1.77905
1.76014
1.74678
1.73864
1.80395
1.81214
1.79155
1.79637
1.77564
1.75602
1.76426
1.76582
1.75698
1.81359
1.7997
1.83885
1.82902
1.82462
1.8584
1.86643
1.84693
1.8393
1.82093
1.80165
1.78755
1.80611
1.78815
1.78221
1.77719
1.767
1.75127
1.73098
1.71643
1.80654
1.7913
1.97443
1.96661
1.9635
1.94974
1.9371
1.97626
1.96376
1.97064
1.95662
1.99838
1.98368
1.96779
1.94756
1.94418
1.94475
1.92673
1.92954
1.93239
1.93542
1.9274
1.90678
1.88894
1.86887
1.8545
1.85421
1.83465
1.8226
1.81141
1.81811
1.8039
1.78796
1.79346
1.77621
1.76948
1.77396
1.77785
1.76791
1.75297
1.73237
1.71202
1.70351
1.70938
1.7045
1.70699
1.75374
1.73361
1.73343
1.71842
1.79998
1.81294
1.79814
1.79327
1.81017
1.79087
1.792
1.78821
1.78562
1.79172
1.77468
1.77416
1.7537
1.74887
1.72971
1.72066
1.72857
1.71303
1.70849
1.69964
1.70773
1.69151
1.67102
1.66078
1.68377
1.69083
1.67446
1.84225
1.85027
1.83295
1.81422
1.79874
1.781
1.78885
1.76986
1.74969
1.73297
1.7132
1.69556
1.68718
1.72557
1.71432
1.7211
1.72493
1.70524
1.69928
1.70296
1.68252
1.67364
1.65345
1.63944
1.62345
1.6041
1.61089
1.60325
1.58494
1.59024
1.56988
1.5517
1.53244
1.51202
1.49975
1.5021
1.48294
1.49068
1.47031
1.45143
1.43855
1.47665
1.45841
1.44378
1.54847
1.52813
1.5173
1.49796
1.54543
1.54525
1.53613
1.51724
1.50156
1.50458
1.50744
1.5051
1.52055
1.52039
1.52659
1.53372
1.51903
1.54818
1.53608
1.61856
1.60228
1.58509
1.56476
1.5446
1.52431
1.50518
1.52844
1.62302
1.60317
1.58394
1.57724
1.57957
1.56368
1.54371
1.52918
1.53636
1.51662
1.49647
1.47628
1.48374
1.47062
1.4522
1.45862
1.48167
1.46286
1.44432
1.43521
1.42545
1.40555
1.39518
1.3822
1.38239
1.37824
1.35836
1.33841
1.32479
1.3845
1.43123
1.41451
1.39495
1.38169
1.38953
1.39719
1.57533
1.56462
1.54694
1.52706
1.52464
1.52088
1.50394
1.48404
1.464
1.44691
1.4437
1.42931
1.41801
1.39907
1.38003
1.36576
1.35583
1.34411
1.34863
1.3334
1.31329
1.31914
1.29974
1.31952
1.33715
1.31745
1.3043
1.28412
1.26397
1.24496
1.23606
1.46173
1.45177
1.47797
1.47757
1.58003
1.56018
1.56536
1.56393
1.54758
1.52762
1.50777
1.5695
1.55245
1.53252
1.51253
1.51714
1.49848
1.47833
1.4605
1.44521
1.42546
1.41224
1.39815
1.3893
1.3763
1.3749
1.49269
1.54365
1.54257
1.52809
1.52829
1.50899
1.49125
1.47288
1.45557
1.43748
1.41737
1.39906
1.43205
1.41555
1.42435
1.50396
1.50333
1.51118
1.51662
1.4968
1.50382
1.50831
1.50667
1.4957
1.52258
1.50318
1.50896
1.5148
1.51906
1.50398
1.49396
1.49869
1.48062
1.46729
1.45273
1.44604
1.43605
1.43505
1.41523
1.40851
1.39022
1.37436
1.38239
1.38074
1.3806
1.36645
1.3658
1.36905
1.3496
1.40763
1.40763
1.41121
1.39739
1.39239
1.38513
1.40955
1.39114
1.48941
1.54359
1.52913
1.5092
1.61125
1.61132
1.65325
1.66105
1.66565
1.64982
1.68048
1.67594
1.65594
1.63756
1.64514
1.67217
1.6564
1.63677
1.61698
2.01711
1.99859
1.99382
1.97609
1.96166
1.94203
1.92459
1.91569
1.89705
1.87762
1.96805
1.96242
1.9493
1.94744
1.95647
1.95383
1.95012
2.06704
2.04767
2.02901
2.03624
2.03613
2.0217
2.02762
2.02128
2.01023
1.99031
2.01118
1.99517
1.97688
1.96602
1.95795
2.03662
2.02817
2.02112
2.00155
1.99792
2.00533
1.98537
1.96722
1.97227
1.96298
1.95364
1.9476
1.93452
1.91613
1.92399
1.9099
1.89339
1.92015
1.92478
1.92197
1.90208
1.89842
1.90101
1.88312
1.89102
1.87118
1.87872
1.87853
1.86311
1.88456
1.87009
1.85576
1.84044
1.90437
1.9084
1.90389
1.88439
1.86662
1.8542
1.86141
1.85409
1.86035
1.84786
1.83227
1.81725
1.82437
1.80963
1.7952
1.77826
1.78554
1.77592
1.76811
1.74827
1.74654
1.75369
1.73438
1.73798
1.71982
1.70308
1.70822
1.80142
1.89765
1.88198
1.87657
1.86924
1.86496
1.85283
1.96836
1.96468
1.95336
1.94158
1.93675
1.931
1.9218
1.92962
1.91541
1.90051
1.90621
1.89557
1.87588
1.8608
1.85639
1.86206
1.85045
1.95282
1.93339
1.93776
1.93757
1.94474
1.93209
1.91824
1.89848
1.87927
1.86207
1.86519
1.8665
1.87018
1.85069
1.89595
1.9022
1.8828
1.87344
1.86713
1.91831
1.90538
1.92371
1.90942
1.89801
1.88227
1.88758
1.87612
1.85874
1.83909
1.82732
1.82374
1.82692
1.80833
1.81032
1.79554
1.78129
1.76348
1.74394
1.72751
1.72818
1.72751
1.71001
1.70984
1.71742
1.70345
1.69813
1.67845
1.69798
1.6934
1.67456
1.67977
1.75291
1.74411
1.72444
1.71678
1.72047
1.72086
1.70156
1.70833
1.69821
1.695
1.67617
1.76176
2.00045
1.98078
1.96504
1.94826
1.93065
1.9216
1.9214
1.90969
1.90109
1.88145
1.89321
1.88098
1.86546
1.87207
1.8798
1.86025
1.84105
1.83013
1.81758
1.81261
1.81868
1.80007
1.80222
1.78399
1.76465
1.74696
1.74667
1.72838
1.72856
1.71522
1.69997
1.68471
1.66619
1.6617
1.66052
1.6489
1.64257
1.6473
1.64443
1.62488
1.61056
1.60396
1.64795
1.62849
1.62492
1.62134
1.60234
1.58286
1.56545
1.55166
1.5322
1.51593
1.50067
1.52515
1.51248
1.56014
1.55962
1.5648
1.57258
1.98703
1.97346
1.96335
2.23068
2.29525
2.29112
2.30105
2.28323
2.26569
2.24654
2.2516
2.25102
2.24225
2.24305
2.22758
2.30584
2.30706
2.30452
2.28544
2.29104
2.2764
2.69187
2.67757
2.73357
2.73204
2.73916
2.72514
2.72286
2.75138
2.75475
2.75666
2.74072
2.7396
2.72501
2.70625
2.69706
2.70053
2.6877
2.6781
2.68149
2.67004
2.65898
2.64155
2.64343
