99.2591
60.5661
46.464
58.576
51.2387
46.4329
42.3892
41.1475
42.5922
40.1614
40.9407
43.0232
44.6362
46.6385
45.1679
50.1996
49.6345
50.8013
52.063
50.8159
51.9811
52.2102
51.516
49.7823
49.4419
48.8895
47.7127
47.4388
48.0345
48.0457
47.1155
48.5055
47.8308
48.1269
48.0059
48.325
47.4124
46.6262
47.8889
47.1473
46.5456
46.3125
46.827
46.069
45.1429
45.7849
45.4896
45.2417
47.3401
46.7504
46.4804
47.5874
48.4545
48.2151
49.161
48.9512
48.4224
48.3212
47.9771
48.2323
47.7714
48.4158
48.0782
48.436
48.2014
47.5812
48.1582
48.1624
47.9998
48.0503
48.4033
48.0274
48.0645
48.0964
48.4635
48.4854
48.171
47.8575
47.6552
47.7567
48.8396
49.2133
48.7413
48.4591
48.7216
48.1868
48.3216
47.7917
47.9267
47.7513
47.5557
47.364
47.3057
46.9639
47.5694
48.3146
47.9359
47.4467
47.1869
47.1235
47.5735
47.3664
47.0331
46.7892
47.4244
47.6168
47.4458
47.6184
47.8074
47.3727
47.4571
47.4062
47.2732
47.0777
47.7535
47.5668
47.439
47.1218
47.0241
47.2408
47.1034
46.8878
47.1471
46.8759
46.6471
47.1691
46.9343
47.4446
47.2442
47.2394
47.605
47.6574
47.7971
47.6871
47.9343
48.0106
48.058
48.434
48.5768
48.4481
48.406
48.437
48.4066
48.4278
48.6489
48.552
48.4523
48.2953
48.219
47.9768
47.8829
48.1217
48.7541
49.4333
49.285
49.4551
49.5623
49.5795
50.0016
50.0086
49.9394
49.7916
49.7105
49.5986
49.6474
49.5379
49.5551
49.3739
49.2962
49.0894
48.8845
48.6252
48.722
48.8871
48.7463
48.953
49.343
49.1782
49.2014
49.1713
49.4514
49.672
49.6275
49.9583
49.863
50.0585
49.7908
49.6939
49.8567
49.9584
49.9612
50.0343
50.4396
50.3866
50.4158
50.3428
50.4883
50.4117
50.633
50.6547
50.7496
50.7359
50.7403
50.7542
50.9229
50.9721
50.9825
50.8529
51.0117
50.9883
51.0282
50.9101
50.8336
50.7882
50.7862
50.6338
50.496
50.5202
50.479
50.4589
50.4111
50.425
50.5356
50.4701
50.7893
50.9049
50.7552
50.8461
50.748
50.6164
50.3973
50.3176
50.2882
50.2824
50.17
50.028
50.1643
50.0287
50.0562
50.0507
49.9391
49.8446
49.6735
49.6335
49.5726
49.51
49.448
49.328
49.3162
49.3326
49.4596
49.4312
49.576
49.9589
50.0621
50.0159
50.0525
50.1025
50.0759
50.1539
50.1703
50.2799
50.2746
50.2326
50.2412
50.1722
50.1832
50.2824
50.2548
50.256
50.3002
50.3409
50.3959
50.3033
50.4798
50.352
50.4367
50.5615
50.6189
50.8818
50.8585
50.8507
50.9541
50.9674
51.1281
51.2899
51.1399
51.2108
51.2307
51.2603
51.1376
51.0283
51.0788
50.9318
50.9202
50.8322
50.8713
50.9203
51.0119
50.9515
50.9336
50.8556
50.7478
50.8046
50.7099
51.057
50.9968
51.0941
51.1404
51.1365
51.0008
51.0015
51.0512
51.0702
51.1157
51.0393
51.014
51.064
51.1167
51.2089
51.2511
51.2319
51.2698
51.4609
51.5097
51.6853
51.7294
51.7522
51.8743
51.9591
51.8889
51.8011
51.8173
51.7587
51.6905
51.7559
51.8384
51.685
51.7334
51.6333
51.631
51.7127
51.914
51.8683
52.0208
52.2636
52.3099
52.2549
52.2895
52.2171
52.2887
52.4279
52.3495
52.3078
52.3058
52.2438
52.1015
52.166
52.0371
52.1177
52.1463
52.2017
52.2757
52.2607
52.2067
52.1147
52.122
52.0617
52.0192
52.031
51.9798
51.8914
51.9971
51.9354
52.1227
52.0743
52.0532
52.0514
52.0239
52.2703
52.3985
52.2719
52.1969
52.1042
52.0019
52.1237
52.1554
52.3689
52.2538
52.2963
52.2418
52.1598
52.234
52.4055
52.3931
52.3662
52.4459
52.4381
52.4807
52.5425
52.6849
52.6298
52.6484
52.5666
52.5229
52.5017
52.5558
52.5151
52.519
52.6388
52.8807
52.8033
52.8454
52.9064
52.8231
52.7843
52.7128
52.7519
52.7179
52.7592
52.7716
52.7763
52.7551
52.7416
52.6976
52.6294
52.5526
52.5391
52.4166
52.5103
52.5006
52.4991
52.5089
52.4396
52.3443
52.3446
52.2655
52.182
52.1308
52.1921
52.0762
52.0573
52.0551
52.0338
52.0583
51.9958
52.0389
52.1227
52.2066
52.2845
52.2507
52.184
52.1193
52.0985
52.0962
52.0971
52.0055
52.0126
51.9837
51.9937
52.0076
51.9252
51.9249
52.0094
52.0239
51.9354
51.9888
52.0055
52.0378
52.0849
52.1216
52.0903
52.1934
52.1155
52.1581
52.2312
52.2501
52.3517
52.3027
52.3202
52.3
52.3039
52.5016
52.4959
52.465
52.4098
52.4614
52.4779
52.4813
52.4039
52.4392
52.3805
52.312
52.3643
52.5016
52.4839
52.5122
52.5104
52.4603
52.4276
52.3641
52.333
52.3661
52.338
52.2572
52.1992
52.1531
52.1021
52.1117
52.1385
52.1402
52.2209
52.1909
52.1354
52.1216
52.1393
52.1726
52.1527
52.1705
52.2069
52.2476
52.2289
52.2002
52.2322
52.1638
52.1397
52.0994
52.0288
51.9565
51.9894
51.9439
51.9343
51.9484
51.9197
51.8226
51.8301
51.8787
51.8728
51.8029
51.8369
51.9546
51.912
51.8633
52.0338
52.083
52.1239
52.1745
52.1672
52.0966
52.0555
52.1359
52.0542
52.0788
52.0817
52.1364
52.1255
52.0771
52.0172
52.0542
52.0735
52.0346
52
51.9872
51.9832
51.9619
52.0184
52.0462
52.0866
52.0119
51.9378
51.9273
51.9043
51.9446
51.87
51.8082
51.7934
51.7505
51.6982
51.7743
51.7479
51.7215
51.783
51.7357
51.7001
51.6923
51.7512
51.758
51.7461
51.7876
51.77
51.8152
51.7807
51.7027
51.7619
51.6833
51.6653
51.7274
51.7266
51.8027
51.7558
51.7563
51.7126
51.6878
51.6197
51.6742
51.6641
51.6462
51.6438
51.5962
51.6295
51.6415
51.7256
51.708
51.6985
51.642
51.7342
51.76
51.855
51.8848
51.9171
51.9318
51.9522
51.9865
51.9909
51.9449
51.9055
51.8614
51.8562
51.8412
51.8544
51.8969
51.8563
51.8191
51.796
51.8027
51.843
51.8652
51.9459
52.0777
52.0153
52.0755
52.0465
52.0501
52.0226
52.0516
52.0416
52.0305
52.0064
52.0485
52.0611
52.0791
52.037
52.1766
52.1417
52.2105
52.1751
52.1709
52.137
52.1179
52.1008
52.0904
52.168
52.168
52.1168
52.1331
52.1885
52.171
52.2656
52.3138
52.386
52.4054
52.3856
52.3099
52.363
52.3641
52.3265
52.3254
52.4178
52.4096
52.4917
52.5309
52.506
52.5438
52.5591
52.5272
52.4977
52.4947
52.5833
52.5704
52.5636
52.5732
52.57
52.5174
52.5391
52.592
52.6246
52.5708
52.5887
52.6115
52.6647
52.7323
52.7398
52.7934
52.7929
52.8093
52.7345
52.7416
52.7279
52.7769
52.7589
52.7871
52.7774
52.7764
52.822
52.8845
52.9099
52.8578
52.8889
52.8547
52.8669
52.8367
52.7822
52.7933
52.7264
52.7264
52.6997
52.7829
52.7275
52.6955
52.8325
52.8153
52.7533
52.7659
52.7931
52.741
52.6987
52.6341
52.6306
52.5865
52.6012
52.5989
52.5855
52.523
52.4924
52.4451
52.453
52.5252
52.5753
52.5705
52.5322
52.5522
52.5661
52.606
52.6287
52.6438
52.6097
52.6374
52.6251
52.6728
52.6858
52.6386
52.5754
52.5928
52.5803
52.5239
52.6097
52.5958
52.5813
52.5266
52.46
52.4329
52.4688
52.4411
52.4256
52.3925
52.3554
52.3525
52.3626
52.3263
52.2896
52.2732
52.2436
52.2404
52.2086
52.1656
52.1409
52.2106
52.2021
52.2614
52.2269
52.2698
52.2638
52.2045
52.2659
52.2193
52.2386
52.3444
52.3508
52.3166
52.3257
52.3921
52.4519
52.4764
52.4704
52.4912
52.4716
52.4585
52.4397
52.4778
52.4904
52.495
52.5151
52.5699
52.5873
52.5715
52.539
52.5609
52.5687
52.5508
52.5982
52.5767
52.6253
52.5614
52.5282
52.6488
52.6959
52.6604
52.6774
52.6335
52.6604
52.6904
52.7146
52.6966
52.7745
52.7936
52.7815
52.786
52.7517
52.7412
52.7573
52.7402
52.8704
52.907
52.9271
52.9614
52.9526
52.9561
52.9317
52.9357
52.9593
52.9512
52.9033
52.8965
52.8646
52.8311
52.8681
52.8637
52.8586
52.8164
52.8042
52.7891
52.7689
52.7493
52.7125
52.7418
52.7059
52.6679
52.6664
52.6666
52.6491
52.6673
52.6601
52.6259
52.6233
52.6673
52.6431
52.621
52.5776
52.5986
52.6409
52.6047
52.6233
52.6209
52.6191
52.6261
52.6347
52.6081
52.5844
52.5648
52.5994
52.6054
52.6385
52.6077
52.6481
52.5893
52.5532
52.5185
52.5276
52.5567
52.6183
52.6208
52.5832
52.5659
52.555
52.5659
52.573
52.5946
52.5783
52.599
52.601
52.5973
52.6109
52.5717
52.5654
52.605
52.6381
52.6002
52.5723
52.5491
52.5375
52.5391
52.5259
52.5182
52.5305
52.5429
52.5459
52.553
52.5586
52.5891
52.5434
52.5223
52.4969
52.547
52.5261
52.5583
52.5256
52.5011
52.4744
52.5259
52.5633
52.5708
52.577
52.5212
52.4912
52.4555
52.4319
52.4001
52.397
52.4111
52.4241
52.3692
52.3853
52.3852
52.5028
52.4868
52.4645
52.4449
52.4059
52.3812
52.452
52.4081
52.3971
52.3801
52.3564
52.3219
52.2926
52.2972
52.2824
52.2416
52.2308
52.2188
52.2503
52.2029
52.22
52.294
52.3136
52.2782
52.3237
52.2745
52.2231
52.2368
52.2363
52.2029
52.2038
52.2052
52.2646
52.2983
52.3338
52.3576
52.3513
52.3816
52.3928
52.3923
52.3541
52.3382
52.3733
52.3744
52.3854
52.361
52.3601
52.3829
52.3878
52.4112
52.3902
52.3817
52.3818
52.4068
52.3925
52.3995
52.3875
52.3971
52.4
52.4129
52.372
52.3386
52.3316
52.3281
52.3226
52.3158
52.3406
52.3545
52.3428
52.3143
52.2821
52.3001
52.3298
52.3309
52.3229
52.3579
52.3216
52.2971
52.2895
52.3133
52.2889
52.2927
52.2696
52.2762
52.3149
52.2911
52.3202
52.3449
52.3168
52.3404
52.3205
52.4618
52.4363
52.4524
52.4502
52.44
52.4862
52.4762
52.4655
52.4797
52.4912
52.5212
52.5348
52.5303
52.5381
52.5521
52.5026
52.481
52.4765
52.4614
52.4215
52.4178
52.4144
52.4141
52.4027
52.4212
52.4271
52.4345
52.3979
52.3915
52.3892
52.4134
52.4328
52.4352
52.4124
52.4353
52.4791
52.4466
52.4558
52.4672
52.4871
52.5063
52.4874
52.4809
52.53
52.669
52.6508
52.6811
52.6828
52.6791
52.655
52.6552
52.6536
52.6498
52.6185
52.5852
52.5694
52.5497
52.5187
52.4765
52.4435
52.4786
52.4474
52.4125
52.4364
52.4612
52.4284
52.4106
52.3926
52.4323
52.4192
52.4237
52.434
52.4265
52.4004
52.411
52.4292
52.4103
52.3946
52.3947
52.3991
52.3858
52.3924
52.3838
52.3693
52.4043
52.4262
52.4589
52.4472
52.4245
52.4116
52.4426
52.4553
52.4305
52.4183
52.4184
52.4356
52.4058
52.417
52.3856
52.3932
52.4033
52.4104
52.3825
52.374
52.3908
52.4206
52.4292
52.4583
52.5075
52.5387
52.5165
52.5346
52.5799
52.5711
52.5348
52.4984
52.5277
52.5125
52.4802
52.5122
52.5342
52.5154
52.5385
52.5808
52.5819
52.5849
52.5769
52.5712
52.5519
52.5509
52.5192
52.5512
52.6015
52.6059
52.6191
52.6449
52.6169
52.6211
52.6314
52.6301
52.6152
52.5799
52.5916
52.6277
52.6095
52.5929
52.6268
52.635
52.6501
52.7037
52.7015
52.6982
52.7384
52.7297
52.7447
52.7167
52.7007
52.7198
52.7446
52.716
52.7231
52.7112
52.7123
52.7454
52.7395
52.729
52.7007
52.7384
52.7224
52.7045
52.6932
52.6606
52.6472
52.6768
52.6924
52.7154
52.7202
52.784
52.8201
52.8087
52.8211
52.8073
52.7872
52.8049
52.7905
52.7682
52.7542
52.728
52.7648
52.8199
52.8389
52.8976
52.8818
52.901
52.8717
52.8948
52.8923
52.8527
52.8413
52.8208
52.8251
52.8059
52.8463
52.8374
52.8606
52.8829
52.8925
52.8856
52.8654
52.8935
52.9615
52.9446
52.9278
52.9215
52.964
52.9418
52.9222
52.9074
52.9076
52.9026
52.9117
52.9072
52.9386
52.9703
52.9385
52.9058
52.8646
52.8566
52.8786
52.8663
52.8733
52.8548
52.8938
52.8708
52.8621
52.8652
52.8962
52.9058
52.9304
52.8891
52.9701
52.9724
53.0044
52.9976
53.0076
53.0273
53.0058
53.0318
52.9913
52.9824
52.9661
52.9402
52.9417
52.9558
52.9278
52.9435
52.9198
52.9094
52.8925
52.8755
52.8948
52.8701
52.896
52.9165
52.8909
52.9267
52.9395
52.9191
52.8788
52.9286
52.9021
52.8837
52.8682
52.8765
52.902
52.8941
52.8713
52.857
52.8264
52.8728
52.8551
52.8238
52.8318
52.814
52.8164
52.821
52.8313
52.8234
52.8245
52.8246
52.8782
52.8595
52.8615
52.8449
52.8662
52.8418
52.862
52.8602
52.8331
52.8185
52.8031
52.8704
52.8702
52.861
52.8413
52.8374
52.8306
52.8429
52.8226
52.8595
52.8399
52.8323
52.7992
52.7793
52.7848
52.781
52.7599
52.823
52.8071
52.8054
52.796
52.8241
52.8246
52.8146
52.7948
52.7824
52.7809
52.7646
52.7653
52.7503
52.7602
52.7534
52.7377
52.7306
52.7249
52.7113
52.714
52.6816
52.7143
52.7134
52.7734
52.7849
52.7913
52.834
52.8433
52.8645
52.8745
52.8649
52.8738
52.8694
52.8466
52.837
52.8299
52.822
52.8179
52.8114
52.8078
52.8126
52.8569
52.8528
52.9317
52.9232
52.9299
52.9601
52.9867
52.9891
52.9822
53.0442
53.0295
53.0332
53.0138
53.0121
53.0346
53.0332
53.0316
53.0398
53.0373
53.0269
52.9984
52.9876
53.0186
53.0124
52.9847
52.9544
52.9734
52.9609
52.9249
52.904
52.9069
52.8847
52.8758
52.8612
52.8639
52.9092
52.9138
52.9206
52.9078
52.9178
52.9458
52.9829
52.9552
53.0127
53.0489
53.0338
53.0474
53.0368
53.0125
53.003
52.987
52.9841
52.9774
52.9586
52.9886
53.0057
52.9776
52.9747
52.9445
52.9234
52.9194
52.9377
52.9172
52.9209
52.9307
52.9151
52.9182
52.9461
52.9119
52.9012
52.8956
52.8932
52.9011
52.9064
52.9109
52.8975
52.8846
52.896
52.8937
52.8913
52.8809
52.866
52.8489
52.8589
52.8587
52.842
52.8226
52.8047
52.8407
52.8525
52.8755
52.8525
52.8527
52.8477
52.8524
52.8492
52.8543
52.833
52.804
52.8125
52.8072
52.7935
52.803
52.7925
52.8438
52.8144
52.8106
52.7952
52.7849
52.7645
52.7624
52.7657
52.7631
52.729
52.7262
52.6964
52.699
52.6882
52.6968
52.6896
52.6604
52.6963
52.7106
52.7387
52.7387
52.7477
52.731
52.7205
52.7296
52.7531
52.7463
52.7268
52.7044
52.6968
52.682
52.674
52.6754
52.6754
52.6825
52.6779
52.6603
52.6749
52.6762
52.6849
52.6755
52.6432
52.6195
52.673
52.6759
52.7437
52.7373
52.7634
52.8024
52.8066
52.8054
52.8013
52.8026
52.8897
52.8938
52.9114
52.8998
52.8954
52.8976
52.9379
52.9348
52.9381
52.9359
52.968
52.9907
53.0027
52.9907
52.9639
52.9874
52.9879
52.9928
52.9808
52.9836
52.9828
52.9644
52.9723
52.9618
52.9383
52.9169
52.9189
52.8924
52.9045
52.8982
52.8963
52.8868
52.8892
52.8693
52.8727
52.8718
52.8851
52.8714
52.8714
52.8704
52.8473
52.8361
52.8263
52.8514
52.8407
52.8473
52.8479
52.8515
52.8471
52.8473
52.8315
52.8324
52.8182
52.8108
52.8148
52.8168
52.8287
52.8137
52.8011
52.7983
52.7769
52.832
52.8209
52.8396
52.8171
52.8289
52.8126
52.8152
52.7941
52.7982
52.7786
52.7663
52.777
52.786
52.7668
52.7568
52.8053
52.8028
52.7744
52.7727
52.7651
52.7819
52.7898
52.7963
52.8155
52.8185
52.8266
52.8927
52.9067
52.9312
52.9114
52.9376
52.918
52.9226
52.9153
52.9148
52.9411
52.9252
52.907
52.8981
52.897
52.8881
52.8886
52.9035
52.9445
52.9201
52.9354
52.943
52.9518
52.9337
52.9411
52.9185
52.9237
52.9184
52.9136
52.8918
52.9095
52.9215
52.9454
52.9773
52.9585
52.936
52.9356
52.929
52.9302
52.9412
52.9601
52.9505
52.9536
52.9429
52.9719
52.9744
52.9882
52.9916
52.9662
52.9707
53.003
52.9784
52.9483
52.9531
52.943
52.9441
52.9668
52.9549
52.9648
52.973
52.9752
52.9699
53.0177
52.9982
53.0265
53.0399
53.0389
53.0995
53.0886
53.064
53.0963
53.0985
53.0892
53.0635
53.0509
53.0505
53.0447
53.0532
53.0475
53.0459
53.0499
53.0421
53.0341
53.0212
53.0339
53.0259
53.0424
53.0503
53.04
53.0296
52.9992
52.9836
52.9701
52.9533
52.9585
52.9405
52.9421
52.9304
52.9097
52.8938
52.8976
52.8878
52.8769
52.8724
52.8614
52.8802
52.8887
52.9048
52.9481
52.9593
52.9573
52.9867
52.9659
52.9648
52.9475
52.9507
52.9837
52.9852
52.9719
52.9835
52.9841
52.9649
52.9368
52.9108
52.8902
52.9251
52.9678
52.9607
52.9586
52.9723
52.9482
52.9785
52.9597
52.9615
52.9717
52.9979
53.0273
53.0269
53.0054
53.0057
52.9937
53.0009
53.0317
53.0264
53.0248
53.0416
53.0367
53.034
53.0108
53.001
53.0001
52.9894
52.9894
52.979
52.9669
52.9895
52.9802
52.9596
52.9534
52.9762
52.9629
52.941
52.9379
52.9579
52.9749
52.9741
52.9688
52.9854
52.9566
52.9466
52.9345
52.9313
52.9348
52.9562
52.9495
52.97
52.993
53.013
53.0103
53.0221
53.0109
53.0791
53.1163
53.1039
53.0936
53.0969
53.1012
53.0971
53.0974
53.0938
53.0794
53.0801
53.0636
53.132
53.1291
53.1313
53.1402
53.18
53.1892
53.185
53.1888
53.209
53.2031
53.1873
53.1851
53.1754
53.1848
53.1993
53.2079
53.2398
53.2196
53.2234
53.2177
53.2249
53.2103
53.1865
53.1769
53.1698
53.2354
53.2283
53.2251
53.2266
53.2385
53.2366
53.2134
53.2064
53.1972
53.1867
53.207
53.2181
53.2147
53.1991
53.214
53.2269
53.2352
53.2332
53.2317
53.2397
53.236
53.2375
53.236
53.2372
53.2615
53.2775
53.2629
53.2491
53.2339
53.249
53.2425
53.2396
53.2474
53.2244
53.2517
53.2409
53.2438
53.2386
53.2347
53.2205
53.2022
53.1889
53.1768
53.2094
53.2228
53.2219
53.2167
53.2174
53.2259
53.2408
53.2287
53.2151
53.2514
53.2275
53.2216
53.226
53.2239
53.2333
53.2253
53.2446
53.2632
53.2719
53.2496
53.2414
53.2731
53.2893
53.2676
53.2462
53.245
53.2198
53.2228
53.2152
53.2389
53.2522
53.2806
53.2678
53.2664
53.2438
53.252
53.2369
53.2207
53.2791
53.2801
53.2783
53.2865
53.2832
53.2891
53.2771
53.2649
53.2704
53.2432
53.2563
53.2437
53.2196
53.2088
53.2219
53.2217
53.2254
53.2153
53.2102
53.1985
53.1943
53.2279
53.2186
53.2227
53.2084
53.1895
53.1806
53.1757
53.1813
53.1846
53.1664
53.1519
53.1542
53.1451
53.151
53.1511
53.1736
53.1698
53.1748
53.1852
53.1604
53.1596
53.1592
53.1671
53.1655
53.184
53.201
53.1973
53.1932
53.1856
53.1676
53.171
53.1614
53.1435
53.1302
53.147
53.157
53.1509
53.1426
53.1638
53.1724
53.1724
53.1587
53.1477
53.1626
53.1705
53.1595
53.1604
53.1568
53.1445
53.1281
53.1183
53.1106
53.0932
53.1179
53.1183
53.0939
53.1028
53.1106
53.122
53.1567
53.159
53.1718
53.1601
53.1436
53.1582
53.1719
53.1881
53.1814
53.1768
53.1859
53.1897
53.1868
53.1864
53.2017
53.2073
53.2396
53.2399
53.231
53.2119
53.2149
53.2355
53.2113
53.1871
53.1974
53.2332
53.22
53.2256
53.2207
53.2303
53.2431
53.2362
53.2249
53.2361
53.2187
53.1976
53.2221
53.2227
53.201
53.2265
53.2442
53.2339
53.2394
53.2515
53.2668
53.2722
53.2848
53.2973
53.314
53.3119
53.313
53.3016
53.3035
53.2832
53.2695
53.2748
53.2649
53.2491
53.2267
53.219
53.2242
53.2171
53.208
53.2112
53.2026
53.225
53.2367
53.2358
53.2137
53.1944
53.2447
53.2402
53.2254
53.2256
53.2144
53.2131
53.2185
53.2185
53.2081
53.1971
53.2046
53.1956
53.2011
53.2059
53.2007
53.221
53.2218
53.218
53.1929
53.1892
53.2113
53.1997
53.1837
53.1893
53.1934
53.1873
53.1786
53.1582
53.1384
53.1235
53.1362
53.1531
53.1463
53.1328
53.1159
53.1119
53.1035
53.101
53.0994
53.0802
53.084
53.1092
53.1124
53.1213
53.1164
53.122
53.1502
53.1704
53.1567
53.144
53.126
53.1162
53.108
53.107
53.0944
53.1065
53.0934
53.0973
53.1
53.1268
53.1563
53.1435
53.1296
53.1256
53.1384
53.1345
53.1179
53.1079
53.108
53.0996
53.0763
53.1112
53.0963
53.1389
53.1264
53.1289
53.1349
53.1308
53.115
53.102
53.0815
53.0827
53.0894
53.0966
53.0984
53.1023
53.1292
53.1519
53.1639
53.1762
53.165
53.1633
53.1506
53.1586
53.1606
53.1658
53.1682
53.1623
53.1624
53.165
53.1809
53.1797
53.1898
53.2126
53.2035
53.1993
53.219
53.2143
53.2054
53.2187
53.199
53.2099
53.2144
53.2222
53.2309
53.2644
53.2605
53.2752
53.2755
53.2603
53.2447
53.2301
53.221
53.2255
53.2261
53.2442
53.2358
53.2358
53.233
53.2091
53.2137
53.2204
53.2366
53.2397
53.2258
53.2051
53.2112
53.2369
53.2769
53.2645
53.2702
53.2715
53.2614
53.2704
53.2578
53.251
53.2422
53.2585
53.247
53.2587
53.2436
53.2426
53.2458
53.2341
53.2104
53.2162
53.2157
53.2122
53.206
53.2069
53.2331
53.2402
53.236
53.2783
53.276
53.2602
53.2529
53.2294
53.2223
53.2228
53.2321
53.2362
53.2487
53.2633
53.2712
53.2677
53.2895
53.2921
53.3046
53.3038
53.3545
53.3442
53.353
53.3556
53.3548
53.3478
53.3543
53.3351
53.351
53.3327
53.3182
53.3341
53.3419
53.346
53.3422
53.3405
53.3356
53.3378
53.3381
53.3308
53.3388
53.3368
53.3136
53.3033
53.2991
53.3047
53.324
53.3332
53.3271
53.3339
53.3288
53.3365
53.3261
53.3041
53.2998
53.3266
53.3165
53.3389
53.3438
53.3431
53.3522
53.3734
53.373
53.3623
53.349
53.3383
53.3377
53.3376
53.3406
53.3348
53.3293
53.3268
53.3904
53.3873
53.3944
53.3888
53.3892
53.3931
53.3875
53.4011
53.3911
53.398
53.4001
53.4192
53.4118
53.4074
53.4219
53.4063
53.4148
53.4123
53.4026
53.3967
53.3871
53.3827
53.3974
53.4042
53.3879
53.3762
53.3693
53.38
53.3636
53.3751
53.3711
53.3494
53.3521
53.3392
53.3258
53.3295
53.3181
53.3008
53.3103
53.3229
53.3134
53.3097
53.2896
53.3034
53.2933
53.3074
53.307
53.3113
53.2892
53.2775
53.267
53.2609
53.2516
53.2512
53.2509
53.2594
53.2489
53.2364
53.235
53.2366
53.2329
53.2342
53.2389
53.2204
53.2188
53.2192
53.2287
53.2348
53.2318
53.232
53.2189
53.2231
53.2101
53.2031
53.2035
53.2466
53.2677
53.2614
53.2656
53.2603
53.2588
53.2367
53.2356
53.2322
53.224
53.2066
53.2013
53.2003
53.2018
53.1995
53.2082
53.2024
53.1913
53.1946
53.1757
53.1645
53.1637
53.1803
53.2186
53.2289
53.2581
53.2518
53.2473
53.2387
53.2932
53.2926
53.3184
53.3248
53.3229
53.3374
53.32
53.3212
53.3159
53.3226
53.3217
53.313
53.3201
53.3165
53.3079
53.2996
53.2941
53.2758
53.2704
53.2673
53.2492
53.259
53.2451
53.2608
53.2618
53.2921
53.3074
53.2983
53.2897
53.2828
53.2803
53.2793
53.2979
53.2968
53.3078
53.2933
53.2924
53.2986
53.291
53.2796
53.2659
53.2655
53.2984
53.3273
53.3638
53.3423
53.3264
53.3329
53.3484
53.3495
53.3433
53.3354
53.3492
53.3607
53.3699
53.3535
53.3423
53.3417
53.3334
53.3785
53.3609
53.3528
53.3516
53.3412
53.3399
53.3313
53.3389
53.3584
53.3575
53.3794
53.4063
53.4178
53.3965
53.3855
53.3642
53.3656
53.3612
53.3575
53.3734
53.375
53.3903
53.3835
53.3741
53.3723
53.3537
53.3654
53.3801
53.3784
53.3806
53.37
53.3515
53.3516
53.3407
53.3466
53.3254
53.3355
53.3331
53.3581
53.3479
53.3394
53.3328
53.3265
53.3162
53.3094
53.2883
53.2773
53.2717
53.2776
53.2619
53.2758
53.2665
53.2573
53.2704
53.2892
53.2858
53.281
53.2751
53.2743
53.2813
53.2683
53.2834
53.3029
53.3086
53.2941
53.2924
53.2869
53.329
53.3081
53.3004
53.3069
53.3169
53.3331
53.3423
53.3392
53.3337
53.335
53.325
53.3142
53.314
53.3474
53.3311
53.327
53.3137
53.3443
53.3581
53.3548
53.3382
53.3916
53.3935
53.3787
53.373
53.3583
53.3521
53.3376
53.317
53.2978
53.3004
53.3346
53.324
53.3053
53.2937
53.2816
53.2826
53.2948
53.2996
53.289
53.2768
53.265
53.2799
53.2817
53.271
53.2835
53.2947
53.3128
53.2956
53.2835
53.291
53.3283
53.3346
53.3451
53.3371
53.3321
53.3398
53.3457
53.3594
53.3507
53.353
53.3538
53.3502
53.3757
53.374
53.3788
53.3869
53.39
53.3973
53.3895
53.3904
53.3729
53.3741
53.3735
53.3617
53.3502
53.361
53.3711
53.3646
53.3792
53.3744
53.3907
53.3772
53.3825
53.3624
53.3565
53.3549
53.3426
53.3291
53.3164
53.3065
53.3287
53.3348
53.3221
53.3223
53.3071
53.3036
53.2958
53.2866
53.2859
53.2834
53.2937
53.3105
53.2989
53.2881
53.2729
53.2646
53.2533
53.263
53.2594
53.2757
53.2782
53.2657
53.2824
53.2663
53.2627
53.253
53.2439
53.2551
53.2576
53.2598
53.2632
53.262
53.2602
53.2652
53.2669
53.2569
53.2451
53.2329
53.2461
53.2457
53.2367
53.2588
53.2525
53.2623
53.2792
53.2789
53.2732
53.2693
53.2807
53.2862
53.2745
53.2864
53.3052
53.2931
53.303
53.305
53.2991
53.2842
53.2791
53.2843
53.271
53.2608
53.259
53.2495
53.246
53.2573
53.264
53.2444
53.256
53.2528
53.2556
53.2457
53.2369
53.2563
53.2553
53.2774
53.2676
53.2606
53.2706
53.2639
53.2644
53.2642
53.2714
53.2598
53.2677
53.2613
53.266
53.2614
53.2633
53.2611
53.277
53.2619
53.2487
53.2403
53.233
53.2351
53.2388
53.2281
53.2562
53.2555
53.2558
53.2657
53.296
53.2867
53.2726
53.2561
53.253
53.2661
53.2861
53.2734
53.2758
53.2652
53.2778
53.2763
53.2899
53.2981
53.318
53.309
53.3074
53.3036
53.2939
53.2906
53.2786
53.2871
53.2897
53.3088
53.3155
53.3068
53.3083
53.2891
53.2985
53.2904
53.2785
53.2702
53.2698
53.2658
53.2521
53.2502
53.2377
53.2404
53.2415
53.2456
53.242
53.2645
53.2605
53.2765
53.2688
53.2763
53.2714
53.2578
53.2506
53.2632
53.2572
53.2786
53.2957
53.2898
53.2943
53.3067
53.2989
53.2841
53.273
53.2807
53.289
53.2805
53.273
53.2744
53.2574
53.271
53.2698
53.2661
53.2771
53.2742
53.2758
53.2888
53.2941
53.2959
53.2937
53.3051
53.3068
53.3026
53.2859
53.2881
53.2812
53.2721
53.2575
53.2578
53.2399
53.2266
53.2087
53.2252
53.2382
53.2635
53.2499
53.2492
53.2645
53.2743
53.279
53.2895
53.2953
53.2993
53.2991
53.3041
53.302
53.3125
53.3238
53.3121
53.3066
53.2934
53.2852
53.313
53.3235
53.3298
53.3366
53.337
53.3296
53.3187
53.3132
53.31
53.3257
53.3105
53.3148
53.3253
53.3165
53.3358
53.3309
53.3282
53.3362
53.3281
53.318
53.3293
53.3257
53.3342
53.3276
53.3522
53.3494
53.3577
53.3457
53.3404
53.3422
53.3421
53.3401
53.3415
53.3447
53.3327
53.325
53.3276
53.3327
53.3456
53.3404
53.3321
53.317
53.3218
53.3211
53.3127
53.3298
53.3395
53.3512
53.3408
53.3552
53.3388
53.3403
53.3393
53.33
53.3361
53.3513
53.334
53.3196
53.3119
53.3314
53.3544
53.3461
53.3399
53.329
53.3309
53.3206
53.3128
53.3065
53.2963
53.3099
53.3027
53.3072
53.3033
53.3168
53.3206
53.3188
53.3205
53.318
53.3238
53.3281
53.3394
53.3319
53.3301
53.3362
53.3237
53.3164
53.3144
53.3218
53.325
53.312
53.3225
53.342
53.347
53.3398
53.3287
53.3509
53.344
53.3506
53.3369
53.3542
53.3604
53.3622
53.3517
53.3502
53.3544
53.3418
53.3587
53.3432
53.3332
53.3364
53.3311
53.3388
53.3239
53.3299
53.3215
53.3119
53.3025
53.2934
53.286
53.2706
53.2565
53.245
53.2391
53.2434
53.2436
53.244
53.2472
53.2426
53.2335
53.2406
53.2301
53.2364
53.2434
53.2357
53.2272
53.2188
53.2136
53.2061
53.1996
53.2093
53.2089
53.2167
53.2148
53.2277
53.2225
53.215
53.2332
53.2263
53.2185
53.217
53.2116
53.2125
53.2025
53.1957
53.1948
53.1975
53.2014
53.1919
53.1811
53.1806
53.1972
53.1842
53.1791
53.184
53.1845
53.1818
53.1868
53.1879
53.1813
53.1931
53.1894
53.1893
53.1721
53.1611
53.1602
53.1475
53.1535
53.1415
53.1422
53.1399
53.1476
53.1301
53.119
53.1182
53.1174
53.1091
53.112
53.104
53.1133
53.1162
53.143
53.1443
53.1466
53.177
53.1664
53.176
53.1744
53.173
53.1784
53.1767
53.198
53.2122
53.2056
53.2094
53.2116
53.2107
53.2027
53.1909
53.1782
53.1863
53.1929
53.2067
53.205
53.2017
53.1916
53.1743
53.1716
53.1615
53.1509
53.1392
53.1273
53.1173
53.1194
53.1315
53.1236
53.1235
53.1093
53.0931
53.1013
53.097
53.1096
53.1062
53.1087
53.1068
53.107
53.1161
53.1123
53.097
53.1053
53.0891
53.0815
53.0719
53.0705
53.0961
53.1233
53.155
53.157
53.1469
53.1476
53.1458
53.1397
53.1325
53.1301
53.1148
53.1112
53.1121
53.1091
53.112
53.1264
53.1292
53.1519
53.1593
53.1841
53.1948
53.1871
53.181
53.1704
53.1612
53.1671
53.1719
53.1803
53.1836
53.1881
53.1976
53.1959
53.2
53.1954
53.1919
53.2017
53.2103
53.2104
53.208
53.2094
53.2309
53.232
53.2275
53.2221
53.2323
53.2254
53.23
53.2309
53.2192
53.2154
53.2314
53.2338
53.2312
53.2387
53.2494
53.2492
53.2489
53.245
53.2436
53.2386
53.2338
53.2552
53.2462
53.2351
53.2276
53.2162
53.2148
53.2047
53.2063
53.2148
53.2166
53.2081
53.1994
53.1948
53.1925
53.1858
53.1943
53.1963
53.1972
53.1945
53.1869
53.1755
53.1807
53.1778
53.1686
53.1615
53.1571
53.1767
53.176
53.1661
53.1745
53.1635
53.1699
53.1599
53.1607
53.1982
53.207
53.2053
53.1921
53.1998
53.1975
53.2067
53.2062
53.2017
53.2127
53.2284
53.2311
53.2249
53.2377
53.2384
53.2356
53.2415
53.2356
53.2405
53.2554
53.2575
53.2563
53.2523
53.2503
53.2734
53.2645
53.2708
53.2708
53.2646
53.2609
53.2467
53.2727
53.2805
53.2739
53.2841
53.2896
53.2966
53.295
53.2786
53.2716
53.2715
53.2671
53.2618
53.2582
53.2628
53.2661
53.2655
53.265
53.2755
53.2841
53.2704
53.2678
53.2824
53.276
53.2737
53.2739
53.2778
53.2842
53.2914
53.2871
53.3018
53.2995
53.3138
53.3008
53.3193
53.3226
53.3138
53.3124
53.3217
53.3149
53.337
53.359
53.3556
53.3443
53.3382
53.3335
53.3344
53.3477
53.3386
53.3586
53.3653
53.3794
53.3662
53.3734
53.3837
53.3686
53.3574
53.3453
53.3398
53.3235
53.3257
53.3344
53.3312
53.3367
53.3279
53.334
53.332
53.3215
53.3164
53.3255
53.3202
53.3081
53.2982
53.2961
53.295
53.2844
53.279
53.2847
53.2915
53.2916
53.2966
53.3078
53.3288
53.3583
53.361
53.3487
53.3552
53.3594
53.3529
53.3576
53.3548
53.3511
53.3446
53.3333
53.3262
53.3261
53.3325
53.3233
53.3224
53.3225
53.3467
53.3432
53.3549
53.3592
53.367
53.3735
53.3903
53.3801
53.398
53.4002
53.4024
53.3976
53.3866
53.3745
53.3682
53.365
53.384
53.384
53.3953
53.4005
53.4188
53.4082
53.3994
53.3987
53.3887
53.3942
53.4022
53.4355
53.4419
53.4318
53.4222
53.4266
53.4435
53.448
53.4442
53.4441
53.4414
53.45
53.4766
53.4815
53.488
53.4925
53.48
53.48
53.4817
53.4845
53.4752
53.4728
53.4741
53.4766
53.4777
53.4778
53.4862
53.4862
53.4737
53.465
53.4512
53.45
53.4546
53.4507
53.4352
53.4524
53.4432
53.4596
53.4617
53.4609
53.4585
53.454
53.447
53.4445
53.4381
53.4403
53.4273
53.4363
53.4354
53.4482
53.4401
53.4365
53.4517
53.4453
53.4426
53.4721
53.465
53.4662
53.4551
53.4513
53.4532
53.4509
53.4511
53.4447
53.4367
53.4334
53.4243
53.4259
53.4214
53.4121
53.4151
53.4108
53.406
53.4041
53.395
53.3964
53.3864
53.3836
53.409
53.4145
53.4062
53.3983
53.4029
53.3943
53.3821
53.3773
53.3972
53.3971
53.3975
53.3908
53.3853
53.3899
53.4191
53.4162
53.4351
53.4322
53.42
53.4177
53.4141
53.4102
53.4085
53.4167
53.4199
53.4124
53.4054
53.3949
53.398
53.4087
53.4028
53.4019
53.4025
53.3982
53.4011
53.408
53.398
53.4297
53.4349
53.4346
53.4338
53.4271
53.4291
53.4542
53.4534
53.4501
53.4736
53.4796
53.4751
53.4962
53.4808
53.4684
53.4661
53.4669
53.4576
53.4531
53.4658
53.4642
53.4634
53.468
53.4619
53.4538
53.4475
53.4351
53.4245
53.4196
53.4108
53.4096
53.4047
53.4023
53.3899
53.3891
53.3945
53.4023
53.4038
53.4135
53.4009
53.387
53.3795
53.3771
53.368
53.3661
53.365
53.3623
53.3638
53.3805
53.3749
53.3839
53.3831
53.3904
53.3813
53.3759
53.3631
53.3596
53.3497
53.3478
53.3484
53.3488
53.3432
53.34
53.332
53.3242
53.3272
53.3354
53.3327
53.3377
53.3398
53.3398
53.3455
53.3602
53.3478
53.34
53.353
53.3533
53.3471
53.3379
53.3578
53.347
53.3532
53.3561
53.3583
53.3535
53.3475
53.3468
53.3455
53.3515
53.3529
53.3583
53.3522
53.3539
53.3438
53.337
53.3347
53.3291
53.317
53.3339
53.3337
53.3356
53.3329
53.3377
53.3312
53.3238
53.3226
53.3396
53.3322
53.3286
53.3285
53.3366
53.3345
53.3388
53.334
53.3312
53.326
53.3212
53.3305
53.3277
53.3274
53.3245
53.314
53.3091
53.3056
53.2993
53.301
53.3213
53.3355
53.336
53.3397
53.3388
53.342
53.3312
53.3257
53.3322
53.3256
53.3281
53.3225
53.3194
53.3153
53.3225
53.3355
53.3238
53.3271
53.325
53.3267
53.325
53.3204
53.3131
53.3143
53.3244
53.3135
53.3296
53.3438
53.3419
53.3414
53.3438
53.3521
53.3563
53.343
53.3442
53.3469
53.3363
53.3381
53.3422
53.3406
53.3353
53.3312
53.336
53.3276
53.324
53.3235
53.3176
53.327
53.3212
53.3169
53.3101
53.3089
53.2983
53.2918
53.2927
53.2837
53.2803
53.2671
53.2841
53.2855
53.3054
53.2921
53.2896
53.2857
53.277
53.2874
53.2795
53.2866
53.29
53.2806
53.2811
53.2724
53.2692
53.2697
53.2659
53.265
53.2863
53.2797
53.2857
53.2719
53.2823
53.2998
53.3005
53.3037
53.3009
53.3017
53.3048
53.3035
53.3018
53.2976
53.3011
53.3115
53.3176
53.3108
53.3158
53.3075
53.297
53.2985
53.2927
53.2905
53.2996
53.2943
53.3132
53.3044
53.2985
53.3059
53.3131
53.3036
53.2925
53.2991
53.3066
53.3085
53.3055
53.3211
53.3187
53.3303
53.3321
53.343
53.3595
53.3628
53.354
53.3513
53.3457
53.3412
53.3484
53.3364
53.3387
53.3371
53.3426
53.3514
53.3391
53.3363
53.3308
53.3271
53.3338
53.3303
53.3406
53.3389
53.338
53.3344
53.3314
53.3178
53.3263
53.3138
53.3071
53.2981
53.2955
53.2837
53.2739
53.2681
53.2654
53.2764
53.2675
53.2628
53.2658
53.2912
53.2912
53.2872
53.2919
53.2846
53.2745
53.2912
53.2803
53.2731
53.2634
53.2754
53.2715
53.274
53.2694
53.2646
53.2608
53.2599
53.2615
53.2643
53.2697
53.2664
53.2522
53.2528
53.2507
53.2589
53.2702
53.266
53.2525
53.26
53.2579
53.2608
53.2524
53.2471
53.2498
53.2477
53.2428
53.241
53.237
53.2292
53.2332
53.2304
53.2382
53.2392
53.237
53.2338
53.2324
53.2422
53.2537
53.2541
53.2435
53.2359
53.2276
53.2531
53.2439
53.2592
53.26
53.2601
53.2724
53.265
53.265
53.267
53.2673
53.2681
53.2719
53.2705
53.266
53.2693
53.2723
53.2646
53.257
53.2526
53.2451
53.2512
53.2521
53.2516
53.2487
53.2447
53.247
53.2498
53.2442
53.2408
53.2443
53.2522
53.2476
53.2394
53.2619
53.2689
53.2602
53.2625
53.2626
53.2719
53.2712
53.2777
53.2894
53.2997
53.2967
53.2984
53.2875
53.2807
53.2733
53.283
53.2738
53.2639
53.2665
53.275
53.2631
53.271
53.2683
53.267
53.2596
53.2733
53.2696
53.2603
53.2663
53.2581
53.2608
53.2572
53.2616
53.2513
53.2627
53.2542
53.2564
53.259
53.2528
53.2786
53.2745
53.2804
53.2798
53.2896
53.2868
53.2904
53.2887
53.289
53.2811
53.2745
53.2746
53.2771
53.2672
53.2689
53.2705
53.2636
53.2753
53.2739
53.2815
53.2769
53.2632
53.2665
53.274
53.2845
53.2844
53.3093
53.3106
53.3003
53.2916
53.304
53.2912
53.2931
53.2881
53.3007
53.3139
53.3205
53.3245
53.331
53.342
53.3349
53.3291
53.3189
53.3165
53.3123
53.3189
53.3152
53.3098
53.3063
53.3016
53.3011
53.3013
53.2988
53.2924
53.2908
53.2918
53.3035
53.3007
53.2987
53.3077
53.3013
53.2998
53.2953
53.2911
53.2957
53.2942
53.3068
53.2965
53.3062
53.3007
53.2994
53.2976
53.2889
53.2893
53.2875
53.2835
53.2876
53.2878
53.2862
53.2887
53.2752
53.2735
53.28
53.2697
53.2643
53.2673
53.2777
53.282
53.284
53.2786
53.2765
53.2798
53.2797
53.3044
53.3013
53.2978
53.2909
53.288
53.2886
53.2889
53.2857
53.3049
53.3094
53.3144
53.3074
53.3051
53.3186
53.319
53.3187
53.3105
53.3077
53.3033
53.2972
53.2884
53.2946
53.2889
53.2883
53.2836
53.2847
53.2838
53.2872
53.2858
53.2947
53.2915
53.2859
53.2772
53.2744
53.2822
53.2728
53.2672
53.2577
53.2512
53.2505
53.2412
53.25
53.2486
53.2429
53.2503
53.2527
53.2468
53.2343
53.2278
53.2356
53.2376
53.23
53.2257
53.2263
53.2172
53.2187
53.2122
53.2171
53.2122
53.2145
53.2091
53.2158
53.2148
53.2128
53.2189
53.2111
53.2136
53.2038
53.2001
53.2008
53.2037
53.2206
53.2245
53.2164
53.2216
53.2118
53.2206
53.2241
53.2222
53.2098
53.2098
53.2155
53.2379
53.2464
53.2458
53.2408
53.2451
53.2623
53.2568
53.2501
53.2453
53.2486
53.2454
53.2403
53.2366
53.2384
53.2363
53.23
53.2265
53.2337
53.2453
53.2445
53.2412
53.2484
53.2666
53.2746
53.2923
53.3043
53.302
53.2999
53.2971
53.2886
53.2831
53.2825
53.2829
53.2747
53.2691
53.2715
53.2824
53.2828
53.2787
53.2706
53.2645
53.2656
53.2624
53.2577
53.2547
53.2573
53.2546
53.2572
53.2596
53.2584
53.2668
53.2757
53.2666
53.2647
53.2587
53.251
53.2457
53.2481
53.2428
53.2388
53.2304
53.2309
53.2346
53.2268
53.2337
53.2453
53.2412
53.2494
53.2471
53.255
53.2525
53.2528
53.2405
53.237
53.2461
53.2361
53.2379
53.2314
53.2253
53.2237
53.2164
53.2092
53.2073
53.2032
53.206
53.2114
53.2076
53.2028
53.2032
53.2092
53.2245
53.2156
53.2126
53.2125
53.2226
53.2179
53.2155
53.2151
53.2124
53.2249
53.2223
53.2277
53.231
53.2186
53.2177
53.215
53.219
53.2281
53.2306
53.2346
53.2414
53.2512
53.2559
53.2544
53.2529
53.2431
53.2332
53.245
53.2388
53.2358
53.2261
53.2144
53.2218
53.2224
53.2146
53.2094
53.211
53.2088
53.2053
53.2122
53.2196
53.2302
53.2323
53.223
53.2344
53.2293
53.2299
53.232
53.2294
53.237
53.2484
53.2436
53.2429
53.2418
53.2525
53.2535
53.2631
53.2732
53.2724
53.2774
53.2723
53.2741
53.2718
53.2759
53.2745
53.2692
53.2658
53.2616
53.2815
53.2821
53.2741
53.2778
53.2937
53.2956
53.2957
53.2923
53.2861
53.2892
53.2768
53.2788
53.269
53.2636
53.2613
53.2558
53.2717
53.2657
53.2677
53.261
53.2581
53.2557
53.2823
53.2724
53.2683
53.2647
53.255
53.2443
53.2448
53.2467
53.2396
53.258
53.2692
53.2654
53.268
53.2706
53.2746
53.2751
53.2895
53.2888
53.291
53.3064
53.3039
53.3122
53.3065
53.3103
53.3111
53.3069
53.2988
53.2932
53.2912
53.2865
53.2992
53.2957
53.3016
53.3013
53.3002
53.3011
53.3009
53.3088
53.3033
53.305
53.3108
53.3121
53.3172
53.3361
53.3236
53.3305
53.3319
53.3345
53.3279
53.3238
53.3211
53.3228
53.3181
53.3224
53.3206
53.3156
53.3205
53.3151
53.3167
53.3134
53.3074
53.3038
53.2925
53.2888
53.2821
53.2777
53.2771
53.3008
53.2958
53.2922
53.2933
53.2926
53.2923
53.2906
53.283
53.2917
53.2886
53.2887
53.2866
53.28
53.2782
53.2725
53.2812
53.2767
53.2729
53.2688
53.2757
53.2748
53.2644
53.2673
53.2677
53.277
53.2742
53.2686
53.2762
53.2688
53.2763
53.2758
53.2782
53.2755
53.2784
53.2745
53.2915
53.2992
53.3041
53.2994
53.3119
53.3048
53.2995
53.3029
53.3083
53.306
53.3064
53.3109
53.3047
53.3073
53.3115
53.3076
53.3112
53.3119
53.3049
53.3072
53.3096
53.3149
53.3172
53.3138
53.3152
53.3044
53.3122
53.3112
53.3048
53.3173
53.3195
53.3321
53.3284
53.3304
53.3228
53.33
53.3267
53.3263
53.3308
53.3318
53.3265
53.3188
53.3296
53.3239
53.3321
53.3259
53.329
53.3248
53.3282
53.329
53.3329
53.325
53.3214
53.3155
53.3203
53.3167
53.3201
53.3137
53.331
53.3602
53.3553
53.3613
53.3627
53.3585
53.3511
53.3508
53.3501
53.3505
53.3434
53.3408
53.3338
53.3311
53.3303
53.3273
53.3262
53.3243
53.3227
53.3273
53.3315
53.3273
53.3195
53.3137
53.3116
53.3202
53.3189
53.3216
53.3218
53.3251
53.315
53.3086
53.3019
53.3123
53.317
53.3074
53.3024
53.2987
53.2977
53.2915
53.291
53.2842
53.2773
53.2779
53.2857
53.297
53.2907
53.29
53.2963
53.286
53.2937
53.2831
53.2809
53.2797
53.2747
53.2712
53.2661
53.2643
53.2671
53.2617
53.2598
53.2557
53.2536
53.2416
53.2363
53.2371
53.2292
53.232
53.229
53.2269
53.2255
53.224
53.2227
53.2167
53.2138
53.2193
53.2092
53.2067
53.2146
53.2201
53.2308
53.2434
53.249
53.2471
53.2544
53.2584
53.2523
53.2519
53.252
53.2555
53.254
53.2482
53.2552
53.2463
53.246
53.2433
53.2507
53.2398
53.248
53.2446
53.2524
53.2467
53.2392
53.2457
53.2438
53.2424
53.2524
53.2625
53.2589
53.2581
53.2718
53.273
53.2818
53.3007
53.295
53.302
53.2956
53.2851
53.2781
53.2801
53.2825
53.2843
53.286
53.2854
53.2981
53.2993
53.2949
53.2841
53.277
53.274
53.2748
53.2649
53.2603
53.2522
53.2589
53.2491
53.252
53.2413
53.2296
53.2284
53.2199
53.211
53.2149
53.2198
53.2194
53.2216
53.2417
53.2442
53.2417
53.2387
53.2352
53.2374
53.2282
53.2234
53.22
53.2206
53.219
53.2187
53.2113
53.2066
53.2148
53.2207
53.2223
53.2127
53.2026
53.2129
53.2251
53.2176
53.2181
53.2164
53.2194
53.2193
53.2282
53.2175
53.2159
53.2225
53.2291
53.2237
53.227
53.2242
53.2186
53.2255
53.2261
53.246
53.2507
53.247
53.2359
53.2429
53.2408
53.2372
53.2338
53.2298
53.2346
53.2277
53.2212
53.2233
53.234
53.2301
53.2277
53.2284
53.2256
53.2164
53.2107
53.2141
53.2185
53.2278
53.2235
53.226
53.2198
53.2218
53.2231
53.2257
53.2277
53.2285
53.2274
53.2272
53.2343
53.2335
53.2455
53.2548
53.2599
53.2553
53.2607
53.266
53.2684
53.2705
53.268
53.2654
53.2744
53.2726
53.2834
53.2806
53.2747
53.2775
53.2792
53.2763
53.2771
53.2792
53.2708
53.2686
53.2628
53.2686
53.2724
53.2717
53.2765
53.2686
53.2631
53.2646
53.2683
53.2716
53.2673
53.2601
53.2569
53.2576
53.2584
53.2611
53.2908
53.2895
53.2968
53.3003
53.2959
53.3032
53.3052
53.2979
53.2922
53.2945
53.2901
53.2968
53.2935
53.2935
53.2999
53.3024
53.2944
53.295
53.2906
53.2977
53.2983
53.2977
53.3026
53.2967
53.3003
53.2939
53.2915
53.2875
53.29
53.2848
53.289
53.2847
53.2835
53.2896
53.2995
53.2977
53.2987
53.2916
53.2806
53.2797
53.281
53.2742
53.2746
53.2718
53.279
53.2822
53.2901
53.2872
53.2869
53.286
53.2756
53.2731
53.2734
53.2681
53.2693
53.2607
53.2705
53.2887
53.2982
53.2968
53.2974
53.2911
53.2915
53.2994
53.3042
53.3041
53.3056
53.302
53.301
53.3127
53.3131
53.315
53.3108
53.3103
53.3191
53.3262
53.3288
53.3233
53.3289
53.326
53.3234
53.327
53.3248
53.3285
53.3283
53.3287
53.3252
53.324
53.3225
53.329
53.328
53.3271
53.3248
53.3281
53.3323
53.3245
53.3206
53.3198
53.3247
53.3198
53.3362
53.338
53.3362
53.3288
53.3347
53.3447
53.3433
53.3586
53.3588
53.3543
53.3488
53.3498
53.3431
53.3437
53.3414
53.3504
53.3438
53.3385
53.3357
53.3273
53.3239
53.3234
53.3153
53.3274
53.3198
53.33
53.3223
53.3218
53.3245
53.3322
53.3357
53.3368
53.332
53.3286
53.3206
53.3167
53.3203
53.324
53.3403
53.3389
53.3442
53.3792
53.3854
53.3952
53.3918
53.3874
53.3964
53.3853
53.3807
53.3734
53.3682
53.3825
53.3929
53.4012
53.3989
53.4019
53.4047
53.402
53.3993
53.391
53.3861
53.3786
53.3773
53.3775
53.3827
53.3813
53.3784
53.3734
53.3691
53.3617
53.3644
53.3662
53.3724
53.3743
53.3817
53.377
53.3731
53.3733
53.3672
53.3695
53.3801
53.3754
53.3821
53.3743
53.3776
53.376
53.3675
53.3687
53.3719
53.3756
53.3902
53.3907
53.3907
53.383
53.3808
53.3698
53.3804
53.3753
53.3927
53.3847
53.3827
53.3754
53.3857
53.3821
53.3969
53.3973
53.402
53.3953
53.4016
53.3918
53.3861
53.3893
53.3942
53.3896
53.3788
53.3679
53.388
53.3811
53.373
53.3687
53.3747
53.3748
53.3768
53.3692
53.368
53.3588
53.3519
53.3524
53.3478
53.3405
53.341
53.3476
53.35
53.3492
53.3449
53.3438
53.3483
53.3431
53.3501
53.3454
53.3487
53.345
53.3495
53.3471
53.3409
53.3306
53.3344
53.3386
53.3532
53.3578
53.3541
53.3615
53.353
53.367
53.3654
53.359
53.3569
53.3586
53.3548
53.3614
53.3646
53.3624
53.3598
53.3493
53.3429
53.3413
53.3426
53.3444
53.3405
53.3461
53.3393
53.3395
53.3325
53.3314
53.3337
53.3421
53.347
53.3449
53.3448
53.3418
53.3437
53.3329
53.3292
53.3314
53.3323
53.3243
53.3249
53.3296
53.3282
53.3347
53.3307
53.3305
53.3321
53.3318
53.331
53.3261
53.3234
53.325
53.3346
53.3352
53.3366
53.3324
53.3279
53.3284
53.3221
53.3218
53.3135
53.3111
53.3087
53.3051
53.3118
53.3084
53.3027
53.3155
53.3161
53.3134
53.3099
53.3112
53.3065
53.2977
53.2958
53.2958
53.2971
53.298
53.2928
53.3082
53.3252
53.3203
53.3272
53.3297
53.328
53.3358
53.3416
53.3325
53.3395
53.3383
53.3316
53.3283
53.3195
53.3315
53.3287
53.3411
53.3527
53.3577
53.3631
53.3647
53.3636
53.38
53.381
53.3808
53.3779
53.3746
53.3802
53.3731
53.3624
53.3677
53.3653
53.3622
53.3553
53.3552
53.3617
53.364
53.359
53.3533
53.3485
53.3489
53.3483
53.3452
53.3448
53.3424
53.3374
53.3306
53.3314
53.3315
53.3526
53.3601
53.3687
53.3594
53.3656
53.3551
53.3599
53.3677
53.3646
53.3615
53.3589
53.3532
53.3512
53.3507
53.3525
53.3485
53.3448
53.3514
53.3491
53.3533
53.3465
53.3437
53.339
53.3445
53.3506
53.3555
53.3569
53.3605
53.356
53.3584
53.3582
53.3569
53.3587
53.3546
53.3496
53.3486
53.3441
53.3635
53.3605
53.3704
53.3772
53.3772
53.3798
53.379
53.3729
53.3633
53.3616
53.3569
53.3532
53.3601
53.3546
53.3694
53.3662
53.3632
53.3563
53.3493
53.3489
53.347
53.3531
53.3489
53.3506
53.3504
53.3466
53.3492
53.3429
53.3442
53.3437
53.339
53.3433
53.3397
53.3361
53.3348
53.3326
53.3377
53.3393
53.3364
53.343
53.3337
53.3346
53.3422
53.3439
53.348
53.3415
53.3369
53.3435
53.3419
53.3359
53.3316
53.3259
53.3193
53.3182
53.3244
53.3166
53.3242
53.3191
53.3271
53.3314
53.3319
53.3361
53.3348
53.333
53.3411
53.3424
53.3355
53.335
53.348
53.3451
53.3405
53.3374
53.3408
53.3374
53.3446
53.3626
53.3624
53.3581
53.3666
53.3623
53.366
53.357
53.3586
53.3573
53.3519
53.3458
53.3426
53.3416
53.3364
53.3412
53.3473
53.3406
53.3347
53.336
53.3357
53.3415
53.3341
53.3369
53.3386
53.3406
53.3501
53.3441
53.3489
53.3438
53.3468
53.3482
53.3428
53.3391
53.3391
53.3505
53.3441
53.348
53.3473
53.3586
53.3562
53.3524
53.3468
53.351
53.3584
53.3542
53.3481
53.3607
53.3618
53.3589
53.3568
53.3571
53.3696
53.363
53.3579
53.355
53.3451
53.3451
53.3519
53.348
53.3519
53.3523
53.3519
53.3475
53.3478
53.3535
53.3586
53.3577
53.3526
53.3531
53.3575
53.3529
53.3505
53.3465
53.3402
53.3427
53.3555
53.3533
53.3569
53.3515
53.3472
53.3603
53.3573
53.359
53.3581
53.3593
53.3586
53.3563
53.3618
53.3634
53.3613
53.369
53.3678
53.358
53.3532
53.3472
53.3479
53.3451
53.336
53.335
53.3248
53.34
53.338
53.3397
53.3319
53.3283
53.3294
53.3298
53.3248
53.3542
53.3501
53.3453
53.3536
53.3464
53.3415
53.3489
53.3583
53.3623
53.361
53.3615
53.3615
53.3513
53.3446
53.3463
53.3439
53.3542
53.3576
53.3541
53.3509
53.3752
53.3755
53.3823
53.3809
53.3765
53.3806
53.3879
53.3881
53.3845
53.3886
53.3814
53.3804
53.3718
53.3683
53.3655
53.3665
53.3657
53.3675
53.3669
53.3606
53.3643
53.3659
53.361
53.354
53.3513
53.3475
53.344
53.3489
53.3441
53.3466
53.3437
53.3556
53.3518
53.3446
53.3501
53.3557
53.3585
53.3519
53.3487
53.3586
53.3511
53.3525
53.3532
53.353
53.3435
53.3352
53.33
53.3223
53.3193
53.3193
53.3264
53.3288
53.3277
53.3242
53.3277
53.328
53.3377
53.3288
53.3297
53.3292
53.3237
53.3219
53.321
53.3254
53.3279
53.3326
53.3376
53.3376
53.3427
53.3365
53.3298
53.3291
53.3301
53.3243
53.3197
53.3142
53.3187
53.3171
53.3124
53.3177
53.323
53.3172
53.3138
53.3143
53.3254
53.3219
53.3302
53.3273
53.3225
53.3259
53.3221
53.3214
53.3198
53.3177
53.3325
53.3244
53.3184
53.3171
53.3136
53.3163
53.3137
53.3118
53.308
53.3062
53.3046
53.3064
53.3084
53.3126
53.3143
53.306
53.3064
53.3097
53.3138
53.304
53.3014
53.3016
53.3224
53.3147
53.3165
53.3264
53.3305
53.3255
53.3253
53.3514
53.3479
53.361
53.3581
53.3682
53.3654
53.3685
53.3857
53.393
53.3881
53.3933
53.3861
53.384
53.3783
53.3764
53.3783
53.3791
53.376
53.3712
53.3702
53.3686
53.3687
53.3653
53.3696
53.3721
53.3763
53.3763
53.3776
53.3755
53.3733
53.3799
53.3824
53.3815
53.3826
53.3825
53.3815
53.3855
53.3811
53.3774
53.374
53.3755
53.3686
53.3612
53.3666
53.3613
53.362
53.3548
53.3474
53.3581
53.3623
53.357
53.3647
53.3633
53.3575
53.3626
53.3594
53.3596
53.3586
53.3619
53.3597
53.3557
53.3571
53.3595
53.357
53.3526
53.3558
53.346
53.3445
53.339
53.3365
53.3335
53.3288
53.3298
53.3365
53.3324
53.3424
53.3357
53.3358
53.3421
53.3383
53.3383
53.3362
53.3435
53.3366
53.3304
53.3442
53.342
53.3387
53.338
53.3416
53.3407
53.3553
53.3518
53.3449
53.3501
53.3482
53.3487
53.3516
53.3616
53.3679
53.3796
53.3806
53.38
53.374
53.3896
53.3867
53.3887
53.3874
53.3885
53.3833
53.3766
53.3669
53.3629
53.3596
53.3504
53.3421
53.3419
53.3391
53.3395
53.3337
53.3417
53.341
53.3346
53.3304
53.3303
53.3242
53.3165
53.316
53.3208
53.3154
53.3088
53.3103
53.3295
53.3285
53.3343
53.3286
53.3269
53.3268
53.3307
53.3309
53.3338
53.3341
53.3315
53.3413
53.3413
53.3341
53.3527
53.3513
53.3435
53.3422
53.3472
53.3438
53.3368
53.3398
53.342
53.3407
53.3493
53.3431
53.3367
53.3356
53.336
53.3325
53.3381
53.3347
53.3356
53.3365
53.3404
53.3342
53.3277
53.329
53.3229
53.3161
53.3143
53.3159
53.3225
53.324
53.3272
53.321
53.3185
53.3393
53.3365
53.3401
53.3378
53.3317
53.3357
53.3294
53.3379
53.337
53.3355
53.3259
53.3255
53.323
53.3223
53.3202
53.3147
53.314
53.3164
53.3144
53.3149
53.3227
53.3288
53.3271
53.3263
53.3259
53.3221
53.3337
53.3242
53.322
53.3194
53.314
53.3088
53.3144
53.3195
53.3175
53.3141
53.3186
53.3174
53.3145
53.3173
53.3135
53.3133
53.3121
53.3141
53.3107
53.3085
53.3146
53.3166
53.3243
53.3438
53.3456
53.3425
53.3605
53.3533
53.3559
53.3501
53.351
53.3477
53.3559
53.3484
53.3507
53.3486
53.3584
53.3558
53.3641
53.3546
53.3536
53.3648
53.3553
53.3557
53.3527
53.3533
53.3507
53.3483
53.3455
53.3451
53.3536
53.3521
53.3758
53.3715
53.3764
53.3775
53.3915
53.4009
53.3966
53.398
53.3985
53.3957
53.3981
53.4111
53.4213
53.4202
53.4198
53.4151
53.4061
53.4169
53.4288
53.4311
53.4263
53.4305
53.435
53.4408
53.4521
53.4583
53.4525
53.4478
53.4437
53.437
53.4341
53.4398
53.4341
53.4295
53.4287
53.4323
53.4329
53.4303
53.4349
53.4392
53.4441
53.4407
53.443
53.4451
53.4396
53.4332
53.4337
53.4298
53.4319
53.4297
53.426
53.4231
53.4191
53.4263
53.4256
53.4296
53.4352
53.4338
53.4331
53.4374
53.4385
53.4314
53.4333
53.4269
53.4272
53.4216
53.4124
53.4099
53.4085
53.4189
53.4221
53.4213
53.4189
53.419
53.4192
53.4128
53.413
53.4078
53.4115
53.4142
53.4264
53.425
53.4237
53.4197
53.415
53.4092
53.4129
53.4243
53.4226
53.418
53.4147
53.4057
53.4002
53.397
53.3926
53.3957
53.4028
53.4048
53.4059
53.4018
53.3963
53.3922
53.3847
53.3884
53.3877
53.381
53.3791
53.386
53.3842
53.3852
53.3759
53.3819
53.3742
53.3775
53.3772
53.3703
53.366
53.3676
53.3752
53.3836
53.3905
53.3854
53.3819
53.3837
53.3781
53.3789
53.3802
53.3749
53.3725
53.366
53.3704
53.3681
53.3686
53.3644
53.3619
53.3674
53.3627
53.3649
53.3645
53.3605
53.3587
53.3601
53.3675
53.3594
53.3593
53.3576
53.3588
53.3587
53.3681
53.3635
53.3648
53.3669
53.3614
53.3612
53.3617
53.3626
53.358
53.356
53.3471
53.3453
53.3441
53.344
53.3369
53.331
53.3301
53.333
53.3432
53.3404
53.3477
53.3453
53.3445
53.3458
53.3532
53.3482
53.3446
53.3531
53.3555
53.3562
53.3574
53.3525
53.3478
53.3421
53.3333
53.3302
53.3311
53.331
53.3316
53.3271
53.3273
53.3341
53.3351
53.3316
53.3367
53.3456
53.3397
53.3425
53.3467
53.3491
53.341
53.3379
53.3384
53.3379
53.334
53.3418
53.3385
53.3464
53.3484
53.3499
53.3499
53.3452
53.3424
53.348
53.3418
53.3378
53.3381
53.3404
53.3538
53.3625
53.358
53.3571
53.3538
53.3485
53.3515
53.3445
53.3357
53.3335
53.3318
53.3248
53.3161
53.3122
53.3147
53.3088
53.3108
53.3139
53.313
53.3183
53.321
53.3208
53.3215
53.318
53.3114
53.3092
53.3039
53.2992
53.308
53.3011
53.3012
53.2954
53.297
53.2972
53.2918
53.2897
53.2878
53.2889
53.2838
53.2797
53.2776
53.2716
53.2695
53.2671
53.2717
53.2674
53.2737
53.2737
53.2731
53.2857
53.2796
53.2903
53.292
53.2941
53.2886
53.3021
53.2993
53.2902
53.2859
53.2812
53.2764
53.2706
53.2714
53.2755
53.2728
53.2714
53.2689
53.2724
53.2676
53.2604
53.2572
53.2602
53.2634
53.2612
53.2637
53.2619
53.2583
53.2547
53.2547
53.2516
53.2575
53.2547
53.2477
53.2486
53.2542
53.2527
53.2556
53.2547
53.2552
53.2548
53.263
53.2596
53.2581
53.2665
53.2637
53.2635
53.2624
53.2534
53.2534
53.2587
53.2629
53.2619
53.264
53.2651
53.2621
53.2689
53.2666
53.2649
53.2602
53.2644
53.2629
53.2626
53.2582
53.2691
53.2676
53.2636
53.2693
53.2626
53.2635
53.2545
53.25
53.2503
53.2545
53.2515
53.2496
53.2542
53.2532
53.2498
53.2564
53.2591
53.2515
53.2518
53.248
53.2432
53.2424
53.2446
53.2477
53.2522
53.2568
53.2678
53.2653
53.2564
53.2606
53.2589
53.2551
53.2531
53.2506
53.2529
53.2633
53.2572
53.2589
53.2679
53.2809
53.2814
53.2802
53.28
53.2753
53.2768
53.2751
53.2747
53.2755
53.272
53.275
53.2749
53.2688
53.2648
53.2709
53.2686
53.2638
53.2651
53.2693
53.2633
53.2691
53.2648
53.2635
53.2565
53.2495
53.2449
53.2429
53.244
53.2475
53.2455
53.2411
53.2414
53.2397
53.2426
53.2461
53.2454
53.2477
53.2443
53.238
53.2319
53.231
53.2342
53.2335
53.2281
53.2223
53.2215
53.2323
53.2272
53.2282
53.2288
53.2349
53.2315
53.2317
53.2294
53.2275
53.2401
53.2378
53.2335
53.239
53.2348
53.2261
53.2371
53.2348
53.2366
53.2639
53.2676
53.2666
53.2631
53.2646
53.2655
53.2782
53.2841
53.2888
53.2818
53.2815
53.279
53.278
53.2692
53.2647
53.2627
53.2576
53.2615
53.2587
53.2678
53.26
53.2588
53.2564
53.257
53.2525
53.263
53.2659
53.2686
53.271
53.2709
53.2918
53.3039
53.3045
53.3071
53.3026
53.3029
53.3088
53.3048
53.3108
53.3106
53.316
53.3182
53.3134
53.3176
53.3135
53.3138
53.3262
53.3309
53.3233
53.3181
53.3159
53.3174
53.3126
53.3103
53.312
53.314
53.3183
53.3205
53.3171
53.3122
53.3188
53.3121
53.3122
53.3069
53.3055
53.304
53.3047
53.2995
53.3004
53.2984
53.2992
53.2976
53.302
53.297
53.2916
53.2935
53.2991
53.3069
53.3055
53.3076
53.3074
53.3003
53.2954
53.2963
53.2914
53.287
53.2924
53.2981
53.2961
53.2953
53.2915
53.2905
53.2916
53.2948
53.2942
53.2906
53.3058
53.2997
53.309
53.3122
53.3136
53.3122
53.3091
53.3053
53.301
53.2985
53.2943
53.291
53.2867
53.2836
53.2794
53.2724
53.2706
53.2668
53.2674
53.2632
53.2637
53.2563
53.2696
53.2779
53.2745
53.2761
53.2758
53.277
53.2773
53.2687
53.275
53.2669
53.2637
53.2595
53.2566
53.2585
53.2541
53.2555
53.2501
53.2651
53.2706
53.2731
53.2751
53.2761
53.2724
53.2757
53.2799
53.2787
53.2773
53.2789
53.2749
53.2748
53.2775
53.271
53.2713
53.2748
53.2706
53.271
53.2652
53.2665
53.2758
53.2757
53.2766
53.2866
53.2933
53.292
53.288
53.282
53.2745
53.2733
53.2669
53.2702
53.271
53.2658
53.2649
53.2646
53.2574
53.255
53.2534
53.2585
53.2534
53.2485
53.2507
53.263
53.2616
53.26
53.2572
53.2591
53.2518
53.2505
53.244
53.2384
53.2444
53.2487
53.2482
53.2434
53.2372
53.2386
53.2349
53.2365
53.2367
53.2544
53.2527
53.2489
53.2494
53.2491
53.245
53.2455
53.2427
53.2392
53.2425
53.235
53.2272
53.2238
53.2168
53.212
53.2143
53.2159
53.2214
53.2281
53.2275
53.2265
53.2334
53.2313
53.2366
53.231
53.2283
53.2238
53.2175
53.2271
53.2245
53.221
53.2163
53.2192
53.2228
53.2317
53.2297
53.232
53.2313
53.2236
53.217
53.2386
53.2436
53.242
53.2399
53.2344
53.2288
53.2269
53.2288
53.2274
53.2244
53.2341
53.2387
53.238
53.2327
53.2325
53.2264
53.2192
53.2191
53.2182
53.2252
53.2207
53.2175
53.2132
53.2103
53.2121
53.2091
53.2033
53.2092
53.2074
53.2014
53.2041
53.2
53.1977
53.1905
53.1954
53.1928
53.1915
53.1918
53.1904
53.1882
53.1945
53.1963
53.194
53.1901
53.1951
53.2011
53.1958
53.1979
53.1955
53.2019
53.1993
53.2033
53.1982
53.2005
53.209
53.212
53.213
53.2122
53.2057
53.2028
53.2031
53.197
53.1962
53.1894
53.189
53.1986
53.2019
53.2114
53.2104
53.2049
53.2001
53.1972
53.203
53.1978
53.1984
53.2035
53.2021
53.2023
53.2031
53.205
53.2074
53.2107
53.2102
53.2145
53.2185
53.2143
53.2126
53.2131
53.2138
53.2181
53.2119
53.2069
53.2114
53.2181
53.2188
53.2175
53.2164
53.2143
53.2103
53.207
53.2028
53.2035
53.2065
53.2043
53.1988
53.1963
53.1994
53.1989
53.1974
53.1956
53.1891
53.1949
53.1925
53.1878
53.1845
53.1773
53.1835
53.1783
53.1752
53.1679
53.1635
53.1567
53.1542
53.1537
53.1569
53.1663
53.1717
53.1724
53.1768
53.1825
53.1753
53.1714
53.1689
53.1817
53.1805
53.183
53.1836
53.183
53.1896
53.1937
53.1917
53.1913
53.1834
53.1891
53.1855
53.1838
53.1802
53.1842
53.185
53.1991
53.2025
53.2009
53.1963
53.2021
53.1994
53.2015
53.1982
53.2068
53.2042
53.2004
53.2002
53.2143
53.2188
53.2192
53.2208
53.2258
53.2244
53.2224
53.2248
53.2223
53.2215
53.2189
53.2235
53.2241
53.2209
53.2232
53.2252
53.2291
53.2247
53.2278
53.2259
53.234
53.2304
53.2267
53.2213
53.2152
53.2129
53.2143
53.2162
53.2196
53.2248
53.2166
53.2202
53.2183
53.222
53.2215
53.2203
53.2169
53.2202
53.2188
53.2235
53.226
53.2281
53.222
53.218
53.2143
53.2106
53.2054
53.2122
53.2129
53.2056
53.2091
53.2085
53.2054
53.2034
53.206
53.2018
53.2005
53.206
53.1985
53.2054
53.2173
53.2147
53.2263
53.2221
53.22
53.2165
53.2161
53.2242
53.2208
53.2241
53.2235
53.2184
53.212
53.2078
53.2051
53.2008
53.1926
53.1945
53.1927
53.1936
53.2017
53.1985
53.1926
53.1944
53.1906
53.1861
53.1825
53.1939
53.1962
53.2044
53.2091
53.2118
53.2163
53.2114
53.2079
53.2042
53.2059
53.2088
53.2079
53.2024
53.1974
53.1897
53.197
53.192
53.1961
53.2033
53.2065
53.2043
53.2099
53.223
53.2207
53.2172
53.2149
53.2212
53.2147
53.2164
53.212
53.2058
53.2028
53.1949
53.192
53.1961
53.2018
53.1985
53.1989
53.1956
53.1955
53.1971
53.1959
53.195
53.1908
53.1929
53.1886
53.1817
53.177
53.173
53.1717
53.175
53.1715
53.1706
53.1716
53.1718
53.1686
53.1669
53.1727
53.1725
53.174
53.1758
53.1738
53.1719
53.1772
53.1771
53.1745
53.1801
53.1819
53.1804
53.1723
53.175
53.1734
53.1765
53.1752
53.1728
53.1745
53.1773
53.1752
53.1831
53.1879
53.1992
53.1983
53.2002
53.1987
53.1989
53.198
53.2014
53.1934
53.2072
53.218
53.2215
53.22
53.2153
53.2165
53.2253
53.2248
53.2404
53.2443
53.2478
53.252
53.2543
53.2492
53.2489
53.2443
53.2386
53.2403
53.2352
53.2419
53.2412
53.2451
53.241
53.2413
53.2342
53.2331
53.231
53.2276
53.2268
53.2246
53.2205
53.2169
53.2116
53.2121
53.2203
53.2186
53.2202
53.2242
53.2256
53.2195
53.2245
53.229
53.2308
53.2381
53.2448
53.2369
53.2413
53.2413
53.2341
53.2354
53.2437
53.2419
53.2514
53.2494
53.2469
53.2427
53.243
53.2393
53.2341
53.2308
53.2281
53.2234
53.2258
53.2227
53.223
53.2215
53.2194
53.2168
53.2152
53.2073
53.2068
53.2131
53.2176
53.2147
53.211
53.2058
53.2047
53.2045
53.2005
53.2059
53.2071
53.2016
53.1999
53.1992
53.2003
53.2063
53.205
53.1971
53.1943
53.191
53.1933
53.2002
53.199
53.1996
53.1928
53.1908
53.1873
53.1857
53.1845
53.1892
53.1919
53.1997
53.1991
53.1929
53.1889
53.197
53.2025
53.2117
53.2131
53.2092
53.2073
53.2105
53.2069
53.2023
53.2097
53.2043
53.2016
53.1986
53.1952
53.1941
53.191
53.1951
53.1929
53.189
53.1938
53.1966
53.1898
53.1846
53.1845
53.1766
53.1745
53.1748
53.1725
53.176
53.1736
53.1737
53.1769
53.1717
53.1853
53.1891
53.1847
53.1798
53.1827
53.1886
53.1835
53.1848
53.1783
53.1739
53.166
53.1629
53.1609
53.16
53.1579
53.1566
53.1583
53.1624
53.1662
53.1662
53.167
53.1641
53.1574
53.1519
53.1532
53.1456
53.1456
53.1378
53.1428
53.1442
53.143
53.141
53.1389
53.1311
53.1313
53.1274
53.1343
53.139
53.1388
53.1386
53.1423
53.1405
53.143
53.1557
53.1576
53.1518
53.1575
53.1592
53.1596
53.1619
53.1615
53.1695
53.1686
53.1687
53.1704
53.1713
53.1642
53.1646
53.1618
53.1643
53.1689
53.169
53.1661
53.1706
53.1758
53.1751
53.1735
53.172
53.1703
53.1755
53.1731
53.1675
53.1784
53.1754
53.1702
53.1635
53.1586
53.1582
53.1568
53.1566
53.1635
53.1698
53.1705
53.1651
53.1622
53.1551
53.157
53.1588
53.1627
53.1623
53.157
53.1547
53.1491
53.1468
53.1447
53.1437
53.1428
53.1376
53.1355
53.129
53.1256
53.119
53.1221
53.1269
53.1309
53.1291
53.1288
53.1258
53.1272
53.1257
53.1299
53.129
53.1395
53.1376
53.142
53.1429
53.1426
53.144
53.1401
53.1451
53.1418
53.1392
53.1345
53.1379
53.1378
53.1365
53.1384
53.1426
53.136
53.1461
53.1404
53.1377
53.1324
53.1346
53.129
53.1258
53.1192
53.1184
53.1184
53.1284
53.1239
53.1214
53.1268
53.123
53.1263
53.1256
53.1302
53.1325
53.1348
53.1455
53.1488
53.1465
53.1583
53.1613
53.1673
53.1643
53.1719
53.1763
53.1726
53.1711
53.1869
53.1858
53.1817
53.1786
53.1785
53.1803
53.1776
53.1728
53.1651
53.1673
53.1695
53.1688
53.1647
53.1609
53.1565
53.1539
53.1541
53.1593
53.1565
53.1574
53.1691
53.1682
53.1708
53.1692
53.1721
53.171
53.1656
53.1612
53.1549
53.1543
53.1606
53.1611
53.1636
53.1645
53.1682
53.163
53.1748
53.1717
53.1718
53.1718
53.1682
53.1752
53.176
53.1869
53.1802
53.1802
53.1874
53.1884
53.1847
53.1835
53.1804
53.1804
53.1765
53.1779
53.1723
53.1673
53.1674
53.1654
53.1612
53.1608
53.1646
53.1658
53.1719
53.1692
53.1627
53.162
53.1639
53.1635
53.1608
53.1597
53.1618
53.1611
53.1568
53.1523
53.1532
53.1579
53.1642
53.1664
53.1641
53.163
53.1649
53.1615
53.163
53.1725
53.1714
53.1719
53.1723
53.1681
53.1642
53.1573
53.1615
53.1701
53.1697
53.1697
53.1731
53.1791
53.1786
53.1856
53.1837
53.1813
53.187
53.1856
53.19
53.1905
53.2031
53.2059
53.2112
53.2075
53.2071
53.2088
53.2149
53.2156
53.211
53.2062
53.2045
53.2024
53.1991
53.2029
53.1986
53.2006
53.2071
53.2109
53.2122
53.2111
53.2096
53.2088
53.2056
53.1998
53.2004
53.2013
53.1995
53.2012
53.1978
53.1983
53.194
53.1895
53.1849
53.1881
53.1806
53.1841
53.1837
53.1817
53.1792
53.1778
53.1809
53.1786
53.1773
53.179
53.1739
53.1706
53.1727
53.1725
53.1691
53.1643
53.164
53.1648
53.1578
53.1606
53.1565
53.1547
53.1566
53.1506
53.1442
53.1459
53.1459
53.1437
53.142
53.1448
53.1423
53.1427
53.1434
53.1396
53.1403
53.136
53.1386
53.1451
53.1403
53.1381
53.1372
53.1356
53.1354
53.1355
53.134
53.1335
53.135
53.132
53.1333
53.1301
53.1278
53.1235
53.124
53.1202
53.1204
53.1237
53.131
53.1401
53.1432
53.1455
53.1511
53.1491
53.1522
53.1607
53.155
53.155
53.1504
53.1514
53.1524
53.1526
53.1486
53.1504
53.1551
53.1517
53.1564
53.1579
53.1583
53.158
53.1532
53.1482
53.1449
53.1412
53.1421
53.1474
53.143
53.1403
53.1432
53.1452
53.1478
53.1449
53.1507
53.155
53.1653
53.1642
53.163
53.1628
53.1617
53.1583
53.1547
53.1544
53.1624
53.1674
53.1708
53.1682
53.1669
53.1654
53.163
53.1635
53.1676
53.1702
53.169
53.1713
53.1678
53.1731
53.1801
53.1783
53.1784
53.173
53.1918
53.195
53.1906
53.1929
53.1936
53.1931
53.1927
53.1853
53.1817
53.1856
53.183
53.1857
53.1783
53.1783
53.185
53.1898
53.1926
53.1935
53.1894
53.1883
53.1809
53.1769
53.1779
53.1787
53.1804
53.1767
53.1785
53.1736
53.1799
53.1773
53.1799
53.1728
53.1678
53.1738
53.1762
53.1722
53.1729
53.1798
53.1805
53.1849
53.1804
53.1808
53.1825
53.1796
53.1746
53.1697
53.1731
53.1695
53.1781
53.1766
53.1775
53.1756
53.1761
53.1729
53.1669
53.1675
53.1614
53.1552
53.1556
53.1551
53.1508
53.1504
53.1484
53.1481
53.1456
53.1476
53.1497
53.1539
53.1625
53.1568
53.1701
53.1686
53.1624
53.1555
53.1559
53.1597
53.1613
53.1625
53.1598
53.153
53.1542
53.1583
53.1617
53.1612
53.1598
53.1558
53.1539
53.1543
53.1613
53.1612
53.1563
53.1518
53.1468
53.1408
53.1496
53.151
53.1513
53.1474
53.148
53.1503
53.1485
53.1473
53.1484
53.1486
53.1461
53.1465
53.1493
53.1474
53.1439
53.1392
53.1374
53.134
53.1307
53.1289
53.13
53.1307
53.1286
53.135
53.1371
53.1468
53.1447
53.1503
53.1511
53.1548
53.1554
53.1541
53.1495
53.1435
53.1395
53.1378
53.1352
53.134
53.1328
53.1363
53.1448
53.1419
53.1447
53.1416
53.1462
53.1483
53.1449
53.1436
53.1433
53.1455
53.1464
53.1434
53.1449
53.1451
53.1433
53.1391
53.1401
53.1431
53.1423
53.1413
53.1441
53.141
53.1582
53.1546
53.1556
53.1567
53.1543
53.1535
53.1529
53.1516
53.1474
53.1521
53.1526
53.1554
53.1515
53.151
53.149
53.1501
53.1506
53.1522
53.1535
53.157
53.16
53.1582
53.1648
53.17
53.1698
53.1691
53.1792
53.1787
53.1773
53.1744
53.169
53.1726
53.1706
53.1697
53.1652
53.1623
53.1715
53.1734
53.1724
53.1699
53.169
53.1659
53.1605
53.1575
53.1554
53.157
53.1565
53.1536
53.1544
53.1574
53.1559
53.1544
53.1518
53.1509
53.1542
53.1499
53.1466
53.1436
53.1414
53.1417
53.1431
53.1431
53.1442
53.1422
53.14
53.1382
53.1366
53.1309
53.1353
53.1452
53.1465
53.1454
53.1474
53.1453
53.1518
53.1572
53.1597
53.1582
53.1605
53.1679
53.1634
53.1598
53.1559
53.1549
53.1649
53.1603
53.1594
53.1626
53.1629
53.1608
53.1629
53.167
53.1805
53.1755
53.1724
53.1822
53.1794
53.1783
53.1749
53.1746
53.1792
53.1748
53.1812
53.1792
53.179
53.1906
53.188
53.1902
53.1971
53.1986
53.2014
53.2006
53.2011
53.2066
53.2074
53.2103
53.2178
53.2143
53.2225
53.2265
53.2218
53.2192
53.2174
53.2244
53.2237
53.225
53.2182
53.2191
53.2176
53.2105
53.2098
53.2162
53.2278
53.2355
53.2418
53.2407
53.2358
53.2353
53.2388
53.2413
53.2415
53.2383
53.2381
53.2432
53.246
53.2475
53.2535
53.2515
53.2553
53.2573
53.2592
53.2614
53.2637
53.2675
53.2657
53.2617
53.2664
53.2594
53.2532
53.2501
53.2527
53.2484
53.2508
53.2483
53.2441
53.25
53.251
53.2506
53.2537
53.2509
53.2464
53.2439
53.2449
53.2479
53.246
53.2509
53.2492
53.2514
53.2616
53.2594
53.2588
53.2533
53.2502
53.2473
53.2513
53.2472
53.25
53.2465
53.2398
53.2366
53.2421
53.2376
53.2329
53.227
53.2248
53.2287
53.2302
53.2271
53.2234
53.226
53.225
53.2291
53.227
53.2286
53.2253
53.2234
53.2217
53.2249
53.2261
53.2207
53.2215
53.2203
53.2154
53.2133
53.2098
53.2086
53.2103
53.2081
53.2082
53.2142
53.2114
53.2082
53.2133
53.2085
53.2125
53.2093
53.2077
53.2112
53.211
53.21
53.2123
53.2153
53.2183
53.2264
53.225
53.2242
53.2203
53.2242
53.2291
53.226
53.2235
53.2241
53.226
53.2264
53.2253
53.2282
53.2236
53.2222
53.2257
53.2257
53.2187
53.2205
53.2186
53.2257
53.2258
53.2245
53.2276
53.2259
53.2269
53.2252
53.2182
53.2191
53.2219
53.2188
53.2118
53.2104
53.2072
53.2059
53.2038
53.1982
53.192
53.2026
53.1964
53.2008
53.2008
53.1993
53.2025
53.198
53.1931
53.1865
53.1862
53.184
53.1867
53.1829
53.1798
53.1912
53.1901
53.1892
53.1971
53.2031
53.1994
53.2066
53.2102
53.2037
53.2006
53.2023
53.2005
53.2111
53.2078
53.2109
53.209
53.2052
53.2041
53.2001
53.2046
53.202
53.2065
53.2035
53.1965
53.1927
53.1937
53.1925
53.1886
53.1873
53.199
53.1955
53.1919
53.1907
53.1859
53.2014
53.2023
53.2022
53.2106
53.2065
53.2095
53.2123
53.2138
53.214
53.2198
53.2232
53.2238
53.2232
53.2233
53.2269
53.2261
53.2232
53.2293
53.2325
53.2279
53.2241
53.2186
53.2197
53.2172
53.2155
53.2159
53.2165
53.2156
53.2138
53.2112
53.2083
53.2106
53.2068
53.2087
53.2087
53.2045
53.2005
53.2049
53.2104
53.209
53.2056
53.2062
53.2049
53.2023
53.2111
53.2111
53.2107
53.2087
53.2075
53.2058
53.2029
53.2009
53.195
53.1931
53.1948
53.1905
53.1967
53.1935
53.1901
53.1971
53.1974
53.2038
53.1989
53.2004
53.1968
53.1953
53.1934
53.189
53.1889
53.1861
53.1899
53.1901
53.1944
53.1937
53.1978
53.198
53.2078
53.2109
53.2115
53.2136
53.2108
53.2051
53.203
53.2089
53.2195
53.2142
53.2101
53.2068
53.2116
53.2083
53.2072
53.2041
53.2103
53.2145
53.21
53.2047
53.207
53.2079
53.206
53.2026
53.204
53.2068
53.2035
53.2075
53.2166
53.2174
53.2114
53.2183
53.2176
53.2154
53.2133
53.2105
53.2143
53.2148
53.2134
53.2122
53.2147
53.2207
53.2222
53.2192
53.221
53.2188
53.2202
53.22
53.2207
53.2168
53.2193
53.2144
53.2142
53.2127
53.2116
53.2175
53.2172
53.2131
53.2235
53.2202
53.228
53.2312
53.2273
53.2267
53.227
53.2249
53.2248
53.224
53.2254
53.2253
53.2255
53.2337
53.2352
53.2381
53.237
53.2335
53.2293
53.2329
53.2291
53.2275
53.2274
53.2322
53.2282
53.236
53.2295
53.2266
53.2251
53.2243
53.2244
53.2273
53.2326
53.2385
53.244
53.2431
53.2384
53.2355
53.2335
53.2395
53.2381
53.2342
53.2283
53.2217
53.2246
53.2271
53.2295
53.2373
53.2388
53.2388
53.2408
53.2419
53.2467
53.2449
53.2468
53.2463
53.2463
53.248
53.2436
53.2426
53.2433
53.2397
53.2368
53.2313
53.2352
53.2393
53.2363
53.2319
53.2313
53.2371
53.2336
53.234
53.2326
53.2292
53.2262
53.2246
53.2303
53.2302
53.2249
53.2235
53.2195
53.2175
53.2173
53.219
53.2242
53.2258
53.2215
53.2214
53.2196
53.2229
53.2215
53.2243
53.2248
53.2216
53.2265
53.2299
53.2288
53.2286
53.2251
53.2325
53.2389
53.2393
53.2405
53.2382
53.2344
53.2328
53.2306
53.2312
53.2286
53.2248
53.2232
53.2239
53.2257
53.2225
53.222
53.2242
53.2236
53.2216
53.2211
53.2184
53.22
53.217
53.219
53.2145
53.2099
53.2086
53.2069
53.2049
53.2114
53.2112
53.2164
53.2156
53.2192
53.2132
53.208
53.2047
53.198
53.1946
53.1925
53.1914
53.1907
53.1919
53.1927
53.1953
53.1947
53.195
53.1938
53.1933
53.1907
53.1868
53.1871
53.1991
53.1939
53.195
53.189
53.1861
53.1857
53.1902
53.1874
53.1874
53.1874
53.1848
53.1891
53.1869
53.1817
53.1831
53.1857
53.1819
53.1987
53.2032
53.2055
53.2059
53.2112
53.2118
53.2083
53.2142
53.2158
53.2184
53.2181
53.2143
53.2174
53.2205
53.2232
53.2267
53.2217
53.2217
53.2209
53.2162
53.2181
53.2241
53.2289
53.2329
53.2323
53.23
53.2277
53.2264
53.2229
53.2256
53.2254
53.2242
53.2238
53.2184
53.2176
53.2154
53.2233
53.2223
53.2216
53.2232
53.2228
53.2243
53.2204
53.2197
53.2202
53.22
53.228
53.2273
53.2299
53.226
53.2238
53.2236
53.2244
53.2325
53.2353
53.2293
53.2296
53.2356
53.2348
53.2361
53.2343
53.2345
53.2311
53.2286
53.2339
53.2329
53.2286
53.2281
53.2284
53.2243
53.2273
53.2244
53.232
53.2291
53.2305
53.2272
53.2253
53.2346
53.2311
53.2327
53.2278
53.2247
53.2231
53.2206
53.2252
53.2222
53.2269
53.2324
53.234
53.2326
53.2282
53.2308
53.2298
53.2261
53.2336
53.2346
53.2346
53.2452
53.2416
53.2365
53.2357
53.2375
53.2341
53.2278
53.2241
53.2255
53.2213
53.2195
53.2187
53.2192
53.2219
53.2232
53.2191
53.2178
53.2176
53.215
53.2086
53.2055
53.2012
53.2048
53.2105
53.2154
53.2122
53.2184
53.2199
53.2152
53.2151
53.2149
53.2154
53.2233
53.2198
53.2252
53.221
53.2204
53.2201
53.2141
53.2209
53.2188
53.2196
53.214
53.2189
53.2217
53.2152
53.214
53.2113
53.2098
53.2078
53.2066
53.2145
53.2121
53.2195
53.224
53.2214
53.2149
53.2184
53.2183
53.2117
53.2202
53.2205
53.2188
53.2159
53.2107
53.209
53.206
53.2037
53.2057
53.2072
53.2114
53.212
53.2106
53.2084
53.2048
53.2077
53.2085
53.2065
53.2072
53.2079
53.2052
53.2025
53.2128
53.2126
53.225
53.2221
53.2269
53.2342
53.2276
53.2272
53.224
53.2279
53.2302
53.2289
53.2225
53.2206
53.2264
53.2279
53.2259
53.231
53.2385
53.2396
53.2419
53.24
53.2378
53.243
53.2435
53.2435
53.2452
53.2435
53.2485
53.2477
53.2464
53.2539
53.2519
53.2526
53.2533
53.254
53.2558
53.2514
53.2485
53.2484
53.2459
53.2413
53.2454
53.2405
53.2374
53.2363
53.2397
53.2374
53.2364
53.235
53.236
53.234
53.2389
53.2393
53.2361
53.2325
53.2284
53.2316
53.2252
53.2195
53.2159
53.2123
53.2096
53.2197
53.2183
53.2169
53.2125
53.2148
53.217
53.2117
53.2105
53.2098
53.2093
53.2068
53.2039
53.1977
53.2045
53.2058
53.2034
53.2011
53.2007
53.2003
53.1943
53.1962
53.1967
53.1931
53.192
53.1921
53.191
53.1939
53.1954
53.1917
53.1975
53.199
53.1955
53.2078
53.2109
53.208
53.2081
53.2018
53.197
53.2048
53.2088
53.2113
53.2095
53.209
53.2095
53.2103
53.21
53.2097
53.2097
53.2071
53.2031
53.2073
53.207
53.2054
53.2012
53.197
53.1957
53.2014
53.1968
53.1933
53.195
53.199
53.1974
53.191
53.185
53.1868
53.1836
53.1799
53.1806
53.1807
53.1789
53.1769
53.1743
53.1777
53.1763
53.1725
53.1805
53.1819
53.1792
53.174
53.1684
53.1689
53.1679
53.1689
53.1625
53.1654
53.1649
53.1632
53.1643
53.1634
53.1619
53.1618
53.1592
53.1568
53.1532
53.1536
53.1525
53.1504
53.147
53.1456
53.1406
53.1372
53.1473
53.147
53.1486
53.1437
53.1478
53.1515
53.151
53.1483
53.1456
53.1449
53.1472
53.1499
53.1544
53.1521
53.1481
53.1478
53.15
53.1472
53.1459
53.1435
53.144
53.1418
53.1446
53.1454
53.1495
53.1449
53.1407
53.1368
53.1311
53.1295
53.1328
53.1347
53.1329
53.1347
53.1369
53.1366
53.138
53.1391
53.1397
53.1392
53.1397
53.1436
53.1388
53.1376
53.1405
53.1363
53.1371
53.1481
53.1527
53.1527
53.1501
53.1482
53.1446
53.1428
53.1421
53.1506
53.1467
53.1491
53.1442
53.1431
53.1486
53.1483
53.1509
53.1575
53.1511
53.1511
53.1508
53.1562
53.1538
53.1567
53.1634
53.1646
53.1647
53.1642
53.1697
53.166
53.1633
53.1576
53.1553
53.1574
53.1548
53.1538
53.1546
53.1556
53.1534
53.155
53.1546
53.1562
53.1573
53.1603
53.1624
53.1645
53.1602
53.1586
53.1608
53.1586
53.1565
53.1541
53.1519
53.1531
53.1506
53.1527
53.1488
53.1453
53.1441
53.1388
53.135
53.1362
53.1369
53.1319
53.1363
53.1311
53.1326
53.1321
53.1292
53.126
53.1245
53.1212
53.117
53.1206
53.115
53.1145
53.1108
53.1118
53.1154
53.1127
53.1082
53.1102
53.1102
53.1137
53.1099
53.107
53.1053
53.1041
53.1049
53.112
53.1153
53.1154
53.1113
53.107
53.1051
53.1012
53.1015
53.1003
53.0967
53.0947
53.1009
53.0985
53.0991
53.1008
53.1029
53.1032
53.0997
53.0971
53.101
53.1015
53.1005
53.1066
53.1063
53.1025
53.1057
53.1
53.1017
53.0992
53.1064
53.101
53.1008
53.1033
53.1067
53.1079
53.1036
53.1026
53.1003
53.1004
53.1022
53.1105
53.1225
53.125
53.1274
53.1314
53.1371
53.14
53.1392
53.141
53.1365
53.1373
53.1392
53.1391
53.1386
53.1443
53.1383
53.1371
53.1347
53.1346
53.1337
53.1295
53.1255
53.1196
53.1182
53.1175
53.1138
53.1155
53.1141
53.1141
53.1128
53.1119
53.1167
53.1282
53.1281
53.1281
53.1333
53.1329
53.1339
53.133
53.1392
53.1413
53.1446
53.1483
53.1446
53.1584
53.1544
53.157
53.1533
53.152
53.1586
53.1576
53.1571
53.1549
53.1504
53.1482
53.1468
53.1435
53.1447
53.1414
53.1375
53.1357
53.1461
53.1484
53.1439
53.151
53.1621
53.1672
53.1686
53.1693
53.1704
53.172
53.1684
53.1684
53.1719
53.1713
53.1708
53.1668
53.1672
53.1673
53.1728
53.1832
53.1814
53.1802
53.1868
53.1855
53.1875
53.1898
53.1873
53.1814
53.1774
53.1766
53.1783
53.175
53.1776
53.1762
53.1774
53.1805
53.183
53.1802
53.1817
53.1883
53.1904
53.1899
53.1914
53.1937
53.1988
53.1956
53.2
53.1993
53.195
53.1969
53.2043
53.2027
53.2113
53.2092
53.2066
53.2073
53.2108
53.2126
53.2237
53.2239
53.2242
53.2304
53.2259
53.2221
53.2181
53.2149
53.2128
53.2111
53.212
53.2132
53.2139
53.2118
53.2098
53.204
53.2029
53.2048
53.2049
53.202
53.2035
53.2095
53.2043
53.2077
53.2104
53.2071
53.2027
53.2051
53.2026
53.2046
53.2067
53.2071
53.2071
53.203
53.2083
53.2062
53.2196
53.2149
53.2206
53.2149
53.2197
53.2183
53.2122
53.212
53.2286
53.2367
53.2343
53.2348
53.2286
53.2254
53.2228
53.2179
53.2134
53.2096
53.2085
53.2049
53.2086
53.2063
53.2128
53.2149
53.2121
53.2097
53.2101
53.2148
53.2132
53.2147
53.2159
53.2196
53.2174
53.218
53.2132
53.2125
53.2166
53.2223
53.2198
53.2184
53.218
53.2155
53.2141
53.2129
53.2096
53.2152
53.2191
53.2213
53.2215
53.2238
53.2289
53.2261
53.2253
53.2259
53.2237
53.2194
53.2161
53.2169
53.2165
53.2187
53.2152
53.21
53.2099
53.2057
53.2059
53.2052
53.2071
53.2022
53.1982
53.197
53.1943
53.1933
53.1888
53.1864
53.1854
53.1859
53.1857
53.1845
53.1845
53.1935
53.1944
53.1924
53.1886
53.1854
53.1882
53.184
53.1879
53.1842
53.1818
53.1797
53.1806
53.1857
53.1809
53.1761
53.1761
53.1812
53.1852
53.1847
53.1823
53.1825
53.185
53.1902
53.1916
53.1992
53.2018
53.1997
53.2038
53.2039
53.2144
53.2115
53.2118
53.212
53.213
53.2141
53.2097
53.2067
53.2078
53.2075
53.2118
53.2227
53.2212
53.2205
53.2154
53.2223
53.2294
53.2286
53.2252
53.2247
53.2254
53.2271
53.2269
53.2347
53.234
53.2383
53.2368
53.2343
53.231
53.2296
53.2332
53.2272
53.227
53.2303
53.2289
53.2246
53.221
53.2191
53.2197
53.2217
53.2192
53.2161
53.2118
53.2129
53.21
53.2075
53.2104
53.2086
53.2083
53.2074
53.2061
53.2019
53.2011
53.1974
53.1964
53.1944
53.1903
53.1898
53.1909
53.191
53.1881
53.1876
53.1873
53.1812
53.1797
53.1766
53.1792
53.1784
53.1797
53.1839
53.1809
53.1763
53.1771
53.1757
53.1815
53.179
53.1774
53.1784
53.1776
53.1791
53.1792
53.1781
53.1778
53.1804
53.1762
53.173
53.1738
53.1707
53.1679
53.172
53.1684
53.1637
53.1616
53.1635
53.1691
53.1693
53.1683
53.1682
53.1622
53.1614
53.1572
53.1512
53.1497
53.1486
53.1463
53.1453
53.1426
53.1384
53.1355
53.1374
53.133
53.1295
53.1263
53.1243
53.1208
53.1209
53.1261
53.1251
53.1202
53.119
53.1165
53.1167
53.1194
53.1215
53.1267
53.1228
53.1207
53.1241
53.1232
53.1207
53.1264
53.1285
53.1286
53.1247
53.1225
53.1187
53.1133
53.1202
53.1287
53.1234
53.1223
53.1191
53.1203
53.1219
53.1242
53.124
53.1193
53.1164
53.1131
53.1093
53.1092
53.1085
53.1029
53.1039
53.1014
53.0981
53.1011
53.0997
53.0984
53.0973
53.095
53.0911
53.0908
53.0947
53.0977
53.0949
53.0946
53.0927
53.0961
53.0998
53.0983
53.1084
53.109
53.1091
53.1107
53.1107
53.1105
53.1115
53.1099
53.1091
53.1085
53.1066
53.1071
53.1092
53.1111
53.1176
53.1212
53.1228
53.1273
53.1256
53.1215
53.121
53.1207
53.1196
53.1212
53.1232
53.1214
53.1207
53.1181
53.116
53.1199
53.1182
53.1229
53.1231
53.126
53.1232
53.1259
53.1223
53.1213
53.118
53.1154
53.1168
53.1112
53.1075
53.1054
53.1068
53.1075
53.1062
53.1096
53.1066
53.1035
53.1011
53.1012
53.103
53.1007
53.0992
53.1065
53.1028
53.1016
53.0989
53.0956
53.0945
53.0925
53.094
53.0901
53.0911
53.0864
53.0853
53.0902
53.0885
53.0868
53.084
53.0806
53.0814
53.0773
53.077
53.0767
53.0769
53.0764
53.0751
53.0769
53.0732
53.07
53.0677
53.0685
53.0705
53.0798
53.077
53.0774
53.0772
53.0816
53.0803
53.0785
53.0763
53.0773
53.0797
53.081
53.079
53.0803
53.0785
53.0793
53.0789
53.0759
53.0715
53.0726
53.0718
53.0721
53.0731
53.0731
53.0685
53.0735
53.0768
53.0764
53.0729
53.0717
53.0731
53.072
53.0815
53.0775
53.0813
53.0816
53.0807
53.0843
53.0808
53.0787
53.081
53.0798
53.0823
53.0815
53.0791
53.0783
53.0768
53.0854
53.0825
53.081
53.0822
53.083
53.0915
53.0978
53.0938
53.088
53.0849
53.0829
53.0807
53.0809
53.0805
53.0771
53.0756
53.0749
53.0765
53.0762
53.0704
53.0676
53.0696
53.0667
53.0707
53.067
53.0713
53.069
53.0666
53.0727
53.0722
53.0706
53.0711
53.0715
53.0697
53.0692
53.075
53.0754
53.0742
53.0779
53.0759
53.0761
53.0765
53.0895
53.0878
53.0868
53.0849
53.0821
53.0799
53.0798
53.0783
53.0745
53.072
53.0723
53.0699
53.0712
53.0689
53.0699
53.0729
53.0785
53.0809
53.0852
53.0841
53.0825
53.0792
53.0743
53.0728
53.067
53.0645
53.0652
53.0626
53.0602
53.0605
53.0618
53.0618
53.056
53.0578
53.054
53.0571
53.059
53.0542
53.0506
53.0542
53.0515
53.0579
53.0545
53.0608
53.0586
53.0581
53.0601
53.0591
53.0584
53.0554
53.0589
53.059
53.0657
53.0662
53.0649
53.0652
53.065
53.0618
53.0647
53.0675
53.063
53.059
53.0532
53.0535
53.0506
53.052
53.0485
53.0501
53.0467
53.045
53.0493
53.0535
53.0569
53.0525
53.0537
53.0512
53.0494
53.0488
53.0523
53.055
53.0567
53.0545
53.051
53.0492
53.0455
53.0416
53.0411
53.0408
53.0425
53.0398
53.0397
53.0425
53.0421
53.0394
53.0428
53.041
53.0394
53.0416
53.041
53.0448
53.0413
53.0473
53.0448
53.0478
53.0448
53.0453
53.0481
53.0494
53.0552
53.0535
53.0544
53.0487
53.0463
53.0449
53.0498
53.0451
53.0451
53.0454
53.0477
53.0446
53.0446
53.0423
53.0384
53.0363
53.0391
53.0401
53.0389
53.0375
53.0389
53.0394
53.0455
53.0409
53.0407
53.0403
53.0429
53.0412
53.0483
53.0489
53.0445
53.0462
53.0425
53.0384
53.04
53.039
53.0386
53.0384
53.0346
53.0341
53.0283
53.0299
53.0309
53.0392
53.0457
53.0416
53.0405
53.039
53.0387
53.0377
53.0383
53.0351
53.0322
53.0333
53.0316
53.0324
53.0351
53.0356
53.0337
53.0407
53.0403
53.0398
53.0383
53.0391
53.0374
53.0353
53.0469
53.0493
53.0479
53.0496
53.049
53.0453
53.0531
53.0503
53.0497
53.0476
53.0443
53.0429
53.0449
53.0451
53.042
53.0419
53.0443
53.0496
53.0507
53.0528
53.0557
53.0546
53.0511
53.0543
53.0543
53.0534
53.0514
53.0479
53.0471
53.0503
53.0479
53.0525
53.0521
53.05
53.0494
53.0477
53.0479
53.0492
53.0472
53.0521
53.0464
53.0543
53.0554
53.0608
53.0581
53.0572
53.0573
53.0568
53.056
53.0602
53.0615
53.062
53.0648
53.0624
53.0594
53.0572
53.0537
53.0562
53.0611
53.061
53.062
53.0579
53.0563
53.0544
53.0626
53.0583
53.0559
53.0558
53.0531
53.0553
53.0512
53.0564
53.0569
53.0578
53.0552
53.0551
53.0517
53.0517
53.0481
53.0458
53.0431
53.0432
53.0432
53.0434
53.0392
53.0407
53.0454
53.0445
53.0431
53.0409
53.0385
53.0399
53.0414
53.0414
53.041
53.0359
53.0357
53.0382
53.0444
53.0443
53.0431
53.0412
53.0478
53.0434
53.0439
53.0386
53.0394
53.0394
53.035
53.0319
53.0349
53.0412
53.0401
53.0458
53.0487
53.0464
53.0519
53.0476
53.0491
53.0472
53.0469
53.0468
53.0493
53.0541
53.0537
53.0515
53.0493
53.0477
53.0469
53.0481
53.0505
53.0578
53.0569
53.0665
53.0646
53.0621
53.061
53.0597
53.0654
53.064
53.0601
53.059
53.0648
53.0638
53.063
53.0634
53.0668
53.0639
53.0635
53.0581
53.062
53.0587
53.0568
53.0575
53.0571
53.0574
53.0598
53.0569
53.0584
53.0571
53.0598
53.056
53.0549
53.0542
53.0505
53.05
53.048
53.0445
53.0411
53.044
53.0431
53.0439
53.0443
53.0474
53.0437
53.0414
53.0453
53.0512
53.0515
53.0459
53.0482
53.0553
53.0598
53.0588
53.0566
53.0612
53.0628
53.0598
53.0574
53.0548
53.0498
53.0518
53.0554
53.0564
53.0542
53.0557
53.054
53.0493
53.0515
53.0492
53.0522
53.0479
53.0472
53.0479
53.0507
53.0557
53.0517
53.0511
53.0603
53.056
53.0555
53.0554
53.0545
53.0564
53.0517
53.0516
53.052
53.0541
53.0543
53.0539
53.0569
53.0625
53.0652
53.0614
53.058
53.0594
53.0573
53.0539
53.0548
53.0531
53.0542
53.0531
53.0524
53.0525
53.0486
53.0467
53.0484
53.0525
53.0534
53.0531
53.0546
53.0555
53.0542
53.051
53.0526
53.0484
53.0493
53.0509
53.0497
53.0553
53.057
53.0561
53.0638
53.0644
53.0629
53.063
53.0689
53.0661
53.0644
53.0643
53.0665
53.0703
53.0671
53.0646
53.0692
53.0636
53.0599
53.0559
53.0582
53.0634
53.0621
53.0692
53.0713
53.0708
53.0715
53.0719
53.0729
53.0744
53.0793
53.0867
53.087
53.087
53.085
53.0888
53.0881
53.0884
53.0908
53.0868
53.0871
53.0876
53.0881
53.0841
53.0829
53.0827
53.0789
53.0838
53.0838
53.0836
53.0865
53.0849
53.0861
53.0846
53.0834
53.087
53.0847
53.0851
53.0862
53.0851
53.0915
53.0973
53.0968
53.0981
53.097
53.0923
53.0876
53.097
53.0955
53.0951
53.0955
53.0929
53.0906
53.0901
53.0904
53.0909
53.0904
53.0938
53.0929
53.0915
53.0914
53.0929
53.0953
53.0937
53.0923
53.0889
53.0911
53.0917
53.088
53.0894
53.0941
53.0988
53.0991
53.1015
53.1023
53.1029
53.1044
53.1027
53.1129
53.1114
53.1164
53.1136
53.1212
53.1216
53.118
53.1154
53.1148
53.1152
53.1156
53.122
53.1215
53.1219
53.1224
53.1172
53.1188
53.1196
53.1214
53.1206
53.1209
53.1198
53.1188
53.1217
53.1205
53.1179
53.1259
53.1319
53.1292
53.1283
53.1254
53.1256
53.1252
53.1269
53.1287
53.1285
53.1293
53.131
53.1363
53.1357
53.1398
53.1468
53.144
53.1398
53.1363
53.1374
53.1335
53.1301
53.1275
53.126
53.1311
53.1324
53.1274
53.1237
53.1204
53.1226
53.121
53.1176
53.1192
53.1181
53.1204
53.1184
53.1212
53.1186
53.1196
53.1177
53.1193
53.1214
53.117
53.1144
53.1089
53.1079
53.1052
53.1091
53.1093
53.1155
53.1191
53.1158
53.1148
53.1126
53.1107
53.1157
53.1155
53.123
53.129
53.1313
53.1323
53.1398
53.1434
53.149
53.1445
53.1394
53.1387
53.1439
53.1416
53.1425
53.1423
53.1383
53.1433
53.1426
53.1438
53.1442
53.1573
53.1572
53.155
53.1547
53.1537
53.1541
53.1537
53.152
53.1535
53.1537
53.1609
53.1641
53.163
53.1604
53.1645
53.1621
53.1654
53.1733
53.1746
53.1761
53.1721
53.1693
53.1684
53.1647
53.1627
53.1654
53.166
53.1707
53.1728
53.1726
53.1712
53.1694
53.1762
53.1745
53.1725
53.1737
53.1713
53.1673
53.1681
53.1679
53.1644
53.1628
53.1612
53.1591
53.158
53.1596
53.1551
53.1542
53.1561
53.1611
53.1577
53.1552
53.1559
53.1535
53.1504
53.1502
53.1459
53.1468
53.1422
53.1368
53.136
53.1408
53.143
53.1453
53.1474
53.1538
53.1505
53.1483
53.1486
53.1503
53.1528
53.1481
53.1462
53.1425
53.1413
53.1434
53.1426
53.1387
53.1378
53.1369
53.1365
53.1326
53.131
53.1292
53.1299
53.1273
53.1226
53.1239
53.1206
53.1205
53.12
53.1165
53.1238
53.1311
53.1331
53.131
53.1292
53.1324
53.1349
53.1427
53.1404
53.143
53.1417
53.1396
53.1375
53.1359
53.1317
53.1307
53.1299
53.1338
53.1365
53.137
53.1363
53.134
53.1305
53.1292
53.1366
53.137
53.1336
53.1282
53.1235
53.1224
53.1214
53.1221
53.1223
53.1219
53.1257
53.1228
53.1195
53.1206
53.1263
53.1215
53.1218
53.1246
53.1277
53.1336
53.136
53.1406
53.1428
53.1415
53.1409
53.1374
53.136
53.1378
53.1387
53.1374
53.1407
53.1356
53.137
53.134
53.1362
53.1384
53.1382
53.1387
53.1381
53.1353
53.1327
53.1344
53.129
53.1249
53.1272
53.1303
53.1311
53.1357
53.1335
53.1336
53.1302
53.1368
53.1351
53.1359
53.1341
53.1308
53.1344
53.1347
53.13
53.1327
53.1303
53.1305
53.1374
53.1478
53.1486
53.148
53.1475
53.1473
53.1456
53.1403
53.139
53.1419
53.1426
53.1468
53.1456
53.1449
53.1412
53.137
53.138
53.1391
53.1377
53.1402
53.1381
53.1332
53.1346
53.1316
53.1331
53.1335
53.1333
53.1306
53.1306
53.1341
53.1331
53.1324
53.1344
53.1358
53.1336
53.1311
53.1336
53.1316
53.1267
53.1243
53.1251
53.1273
53.1254
53.131
53.1319
53.1297
53.1274
53.1276
53.1282
53.1279
53.127
53.1275
53.127
53.1263
53.1312
53.13
53.1358
53.1331
53.1282
53.1239
53.137
53.136
53.1345
53.1453
53.1517
53.1494
53.1535
53.1534
53.155
53.1562
53.1527
53.1501
53.1529
53.1501
53.1494
53.1561
53.1509
53.1485
53.1487
53.1526
53.1518
53.1649
53.164
53.17
53.1675
53.1636
53.1626
53.1602
53.1652
53.162
53.159
53.1584
53.1559
53.155
53.1552
53.1579
53.1547
53.1571
53.1556
53.1593
53.158
53.1606
53.1603
53.1573
